Pay	Frequency
0	995007833
4	23710
6	56986
8	99680
9	32566
10	20008
12	164020
14	11511
15	19421
16	161628
18	59219
20	71721
21	13891
22	7101
24	194542
25	1641
26	3339
27	9752
28	38772
30	61620
32	137886
33	10620
34	2796
35	4743
36	89314
38	4749
39	5115
40	109556
42	32159
44	21205
45	11515
46	3279
48	157017
49	1492
50	17524
51	4109
52	14054
54	25870
55	5271
56	51006
57	6929
58	2089
60	96377
62	2226
63	5158
64	77060
65	2312
66	18052
68	10817
69	4905
70	18260
72	82554
74	1572
75	6731
76	12968
77	1763
78	15145
80	95170
81	5269
82	1282
84	40362
85	2035
86	2053
87	2915
88	24700
90	30821
91	815
92	9951
93	3354
94	1360
95	3569
96	90198
98	4684
99	3002
100	30915
102	11794
104	20555
105	6412
106	1084
108	28305
110	9144
111	2134
112	36499
114	10241
115	2449
116	6434
117	2757
118	1046
119	674
120	86171
122	792
123	1908
124	6867
125	1700
126	13280
128	34711
129	3208
130	7663
132	19317
133	1150
134	1057
135	4278
136	15281
138	8459
140	24166
141	2000
142	794
144	49820
145	1472
146	626
147	2273
148	4644
150	18274
152	12931
153	2565
154	3261
155	1695
156	15577
158	782
159	1665
160	57536
161	816
162	7181
164	4583
165	3163
166	1253
168	30077
170	5753
171	1463
172	5745
174	5837
175	2359
176	17313
177	1531
178	607
180	34301
182	2998
183	1135
184	11237
185	1112
186	5756
188	3884
189	2900
190	5186
192	41374
194	475
195	2391
196	7160
198	5863
200	27666
201	1595
202	462
203	499
204	12157
205	993
206	593
207	1216
208	13483
210	12095
212	3240
213	1261
214	525
215	1572
216	19636
217	570
218	412
219	982
220	9826
222	4048
224	16051
225	2504
226	365
228	8371
230	4250
231	1425
232	6941
234	3846
235	1017
236	2712
237	1130
238	2024
240	61372
242	291
243	822
244	2724
245	1421
246	4564
248	8045
249	1916
250	4222
252	13894
254	419
255	2223
256	15247
258	4474
259	371
260	7658
261	1220
262	443
264	13749
265	848
266	1853
267	936
268	2692
270	8710
272	9790
273	1519
274	283
275	874
276	7345
278	352
279	869
280	16180
282	3162
284	2164
285	1635
286	328
287	297
288	21609
290	2838
291	699
292	1960
294	4543
295	750
296	4885
297	1144
298	217
300	19416
301	516
302	291
303	651
304	7125
305	554
306	3025
308	4060
309	992
310	2913
312	9185
314	244
315	1945
316	1988
318	2725
320	32591
321	781
322	1526
324	5886
325	522
326	581
327	572
328	5831
329	323
330	5248
332	3192
333	703
334	321
335	766
336	16684
338	286
339	576
340	5839
342	2228
343	298
344	5377
345	1275
346	227
348	4749
350	3727
351	445
352	7948
354	1883
355	636
356	1713
357	971
358	260
360	27851
362	192
363	424
364	3694
365	491
366	2753
368	6774
369	1070
370	2014
371	257
372	5958
374	266
375	1304
376	4174
378	3892
380	4669
381	658
382	211
384	14809
385	699
386	194
387	642
388	1462
390	4166
392	5504
393	746
394	176
395	554
396	5011
398	183
399	712
400	18217
402	1858
404	1388
405	1055
406	1125
408	6969
410	2081
411	443
412	1620
413	275
414	1867
415	929
416	5686
417	551
418	138
420	11073
422	199
423	378
424	3291
425	413
426	1560
427	199
428	1371
429	492
430	2061
432	9040
434	1007
435	952
436	1059
438	1555
440	6513
441	883
442	141
444	3174
445	450
446	145
447	368
448	6222
450	5320
452	946
453	386
454	171
455	699
456	4814
458	164
459	480
460	3689
462	2560
464	3363
465	853
466	154
468	2612
469	276
470	1651
471	357
472	2090
474	1439
475	476
476	2086
477	361
478	144
480	33763
482	102
483	532
484	1088
485	353
486	2175
488	3619
489	878
490	2373
492	4961
494	192
495	916
496	5323
497	189
498	2109
500	4156
501	489
502	213
504	8572
505	330
506	158
507	419
508	1165
510	3319
511	135
512	5722
513	498
514	158
515	506
516	3278
518	778
519	359
520	5337
522	1467
524	1176
525	1027
526	135
528	6279
530	1374
531	306
532	1785
534	1243
535	432
536	2288
537	389
538	109
539	144
540	8173
542	124
543	286
544	3652
545	311
546	1992
548	777
549	531
550	1336
552	4722
553	174
554	77
555	690
556	865
558	1406
560	8706
561	403
562	91
564	2504
565	289
566	118
567	452
568	1869
570	2408
572	736
573	367
574	746
575	312
576	7356
578	93
579	303
580	2053
581	300
582	1231
584	1787
585	636
586	82
588	3429
590	895
591	263
592	2416
594	1068
595	414
596	586
597	272
598	80
600	14114
602	782
603	233
604	710
605	226
606	1204
608	2757
609	643
610	1248
612	2494
614	115
615	790
616	2943
618	1035
620	2817
621	310
622	113
623	165
624	3994
625	237
626	79
627	210
628	570
630	3187
632	1638
633	292
634	75
635	305
636	1892
637	181
638	84
639	227
640	15709
642	799
644	1665
645	579
646	230
648	4020
650	1114
651	359
652	1332
654	857
655	347
656	3834
657	252
658	588
660	3801
662	118
663	174
664	2406
665	379
666	788
668	802
669	234
670	956
672	6483
674	63
675	777
676	741
678	751
679	118
680	3696
681	285
682	97
684	1775
685	235
686	586
687	251
688	2758
690	1407
692	569
693	434
694	101
695	297
696	2576
698	68
699	247
700	3205
702	624
704	2623
705	409
706	73
707	110
708	1283
710	751
711	210
712	1489
714	974
715	227
716	587
717	139
718	71
720	16475
721	162
722	56
723	164
724	599
725	168
726	1131
728	2692
729	583
730	754
732	2786
734	101
735	659
736	3122
738	1180
740	1633
741	287
742	469
744	3543
745	158
746	85
747	301
748	640
749	123
750	2187
752	2178
753	274
754	75
755	194
756	2552
758	90
759	219
760	2836
762	814
763	89
764	531
765	496
766	78
768	4371
770	1140
771	209
772	471
774	721
775	188
776	1236
777	339
778	43
780	2878
782	54
783	183
784	2475
785	169
786	625
788	419
789	239
790	686
791	94
792	2410
794	40
795	380
796	447
798	946
800	9850
801	220
802	47
804	1332
805	271
806	108
807	161
808	1365
810	1696
812	1079
813	197
814	73
815	431
816	3082
818	51
819	240
820	1913
822	555
824	1215
825	367
826	319
828	1195
830	995
831	160
832	2106
833	88
834	470
835	229
836	398
837	163
838	59
840	6612
842	38
843	124
844	426
845	191
846	523
847	73
848	1569
849	173
850	869
852	1036
854	402
855	378
856	950
858	511
860	1550
861	340
862	57
864	2712
865	174
866	34
867	119
868	1012
870	1205
872	872
873	151
874	34
875	277
876	960
878	49
879	135
880	3035
882	888
884	315
885	283
886	47
888	1490
889	116
890	661
891	115
892	332
894	378
895	208
896	2185
897	122
898	46
900	5139
902	37
903	201
904	831
905	123
906	543
908	428
909	201
910	1071
912	2095
914	41
915	405
916	447
917	108
918	500
920	2070
921	152
922	37
924	1685
925	158
926	46
927	145
928	1100
930	1120
931	65
932	377
933	164
934	43
935	208
936	1408
938	314
939	95
940	1318
942	420
944	892
945	413
946	36
948	833
950	729
951	109
952	1110
954	382
955	167
956	293
957	129
958	45
959	69
960	14813
962	32
963	108
964	422
965	157
966	1026
968	1350
969	385
970	515
972	2042
973	98
974	61
975	349
976	2209
978	717
980	1718
981	161
982	87
984	2590
985	127
986	50
987	217
988	461
990	1175
992	2123
993	179
994	286
995	133
996	1369
998	66
999	132
1000	3003
1001	94
1002	496
1004	465
1005	276
1006	49
1008	3286
1010	603
1011	130
1012	345
1014	492
1015	256
1016	875
1017	154
1018	30
1020	2197
1022	277
1023	123
1024	1615
1025	136
1026	449
1028	317
1029	247
1030	523
1032	1580
1034	29
1035	240
1036	714
1038	403
1040	2504
1041	144
1042	30
1043	54
1044	837
1045	108
1046	40
1047	116
1048	727
1050	1342
1052	333
1053	116
1054	30
1055	156
1056	2032
1057	54
1058	33
1059	95
1060	922
1062	345
1064	1085
1065	214
1066	34
1068	794
1070	468
1071	162
1072	920
1074	317
1075	116
1076	266
1077	87
1078	267
1080	4766
1082	22
1083	90
1084	296
1085	173
1086	537
1088	1091
1089	280
1090	354
1092	1399
1094	34
1095	255
1096	653
1098	566
1099	50
1100	1035
1101	140
1102	37
1104	1785
1105	79
1106	229
1107	138
1108	255
1110	809
1112	572
1113	233
1114	30
1115	128
1116	932
1118	27
1119	112
1120	4004
1122	326
1124	239
1125	405
1126	37
1127	55
1128	1235
1130	368
1131	112
1132	242
1134	681
1135	120
1136	746
1137	127
1138	18
1140	1383
1141	147
1142	30
1143	78
1144	550
1145	111
1146	356
1148	681
1149	112
1150	340
1152	1870
1154	19
1155	251
1156	190
1158	302
1160	944
1161	134
1162	352
1164	665
1165	108
1166	26
1167	87
1168	658
1169	88
1170	648
1172	163
1173	87
1174	19
1175	106
1176	1469
1178	15
1179	88
1180	577
1182	283
1183	79
1184	608
1185	181
1186	19
1188	537
1190	510
1191	72
1192	416
1194	275
1195	118
1196	210
1197	195
1198	20
1200	7773
1202	19
1203	59
1204	564
1205	91
1206	457
1208	610
1209	154
1210	489
1211	52
1212	919
1214	32
1215	323
1216	1048
1218	538
1220	1106
1221	97
1222	35
1224	1183
1225	180
1226	23
1227	77
1228	240
1230	873
1232	1191
1233	104
1234	22
1235	139
1236	659
1238	32
1239	103
1240	1431
1242	279
1244	224
1245	190
1246	194
1248	1288
1250	510
1251	69
1252	165
1253	72
1254	272
1255	136
1256	439
1257	97
1258	22
1260	2219
1262	12
1263	67
1264	644
1265	105
1266	223
1267	55
1268	171
1269	84
1270	357
1272	837
1274	231
1275	188
1276	183
1278	211
1280	5658
1281	172
1282	14
1284	559
1285	105
1286	61
1287	73
1288	1326
1290	579
1292	514
1293	64
1294	37
1295	190
1296	1948
1298	29
1299	54
1300	929
1302	477
1304	869
1305	193
1306	20
1308	548
1309	72
1310	324
1311	56
1312	1294
1314	198
1315	113
1316	515
1317	69
1318	34
1320	2051
1322	23
1323	114
1324	263
1325	108
1326	230
1328	1073
1329	77
1330	519
1332	491
1334	33
1335	168
1336	608
1337	60
1338	221
1340	658
1341	64
1342	15
1344	1763
1345	73
1346	19
1347	41
1348	207
1350	1225
1351	46
1352	536
1353	65
1354	22
1355	80
1356	527
1358	190
1359	105
1360	1621
1362	306
1364	198
1365	200
1366	35
1368	848
1370	269
1371	56
1372	430
1374	281
1375	87
1376	880
1377	74
1378	16
1379	43
1380	896
1382	32
1383	69
1384	436
1385	75
1386	426
1388	203
1389	70
1390	246
1392	974
1393	47
1394	27
1395	141
1396	170
1398	236
1400	1739
1401	58
1402	10
1404	376
1405	73
1406	20
1407	99
1408	654
1410	487
1412	140
1413	64
1414	202
1415	100
1416	644
1418	27
1419	68
1420	499
1421	53
1422	200
1424	519
1425	147
1426	15
1428	582
1430	253
1431	51
1432	358
1434	170
1435	111
1436	135
1437	52
1438	15
1440	6638
1442	183
1443	36
1444	161
1445	71
1446	410
1448	653
1449	262
1450	278
1452	965
1454	28
1455	131
1456	1246
1458	417
1460	470
1461	85
1462	40
1463	38
1464	1357
1465	63
1466	26
1467	75
1468	243
1470	721
1472	1023
1473	120
1474	24
1475	72
1476	650
1477	38
1478	23
1479	81
1480	822
1482	292
1484	469
1485	116
1486	36
1488	1216
1490	199
1491	91
1492	149
1494	260
1495	56
1496	480
1497	72
1498	151
1500	1510
1502	20
1503	58
1504	691
1505	101
1506	243
1508	163
1509	78
1510	250
1512	1070
1514	20
1515	168
1516	173
1518	236
1519	26
1520	1251
1521	72
1522	17
1524	383
1525	51
1526	146
1527	64
1528	387
1530	470
1532	156
1533	125
1534	17
1535	83
1536	1019
1538	18
1539	51
1540	769
1542	201
1544	328
1545	119
1546	16
1547	35
1548	424
1550	243
1551	35
1552	431
1554	306
1555	72
1556	107
1557	54
1558	16
1560	1200
1561	45
1562	14
1563	52
1564	122
1565	51
1566	206
1568	761
1569	65
1570	195
1572	341
1574	9
1575	205
1576	292
1578	162
1580	405
1581	43
1582	116
1584	694
1585	62
1586	15
1587	54
1588	113
1589	40
1590	342
1592	329
1593	45
1594	6
1595	55
1596	470
1598	20
1599	39
1600	4164
1602	136
1603	47
1604	148
1605	108
1606	27
1608	658
1610	418
1611	32
1612	220
1614	127
1615	166
1616	755
1617	72
1618	17
1620	1267
1622	24
1623	33
1624	553
1625	82
1626	169
1628	164
1629	96
1630	346
1631	42
1632	987
1634	13
1635	134
1636	138
1638	271
1640	1038
1641	55
1642	17
1644	367
1645	105
1646	15
1647	36
1648	563
1650	459
1652	227
1653	54
1654	12
1655	91
1656	524
1658	10
1659	75
1660	598
1662	129
1664	541
1665	118
1666	96
1668	300
1670	237
1671	37
1672	301
1673	40
1674	131
1675	86
1676	132
1677	40
1678	13
1680	2772
1682	14
1683	27
1684	94
1685	72
1686	162
1687	32
1688	290
1689	45
1690	254
1692	317
1694	155
1695	109
1696	470
1698	131
1700	544
1701	156
1702	18
1704	479
1705	61
1706	8
1707	29
1708	410
1710	357
1712	363
1713	42
1714	13
1715	110
1716	243
1718	20
1719	31
1720	647
1722	257
1724	118
1725	111
1726	10
1728	622
1729	39
1730	203
1731	24
1732	80
1734	107
1735	61
1736	486
1737	50
1738	8
1740	570
1742	7
1743	75
1744	333
1745	58
1746	107
1748	74
1749	39
1750	370
1752	351
1754	10
1755	92
1756	92
1757	51
1758	110
1760	1029
1761	28
1762	6
1764	435
1765	40
1766	13
1767	28
1768	227
1770	273
1771	29
1772	87
1773	32
1774	11
1775	46
1776	443
1778	155
1779	35
1780	316
1782	76
1784	211
1785	109
1786	10
1788	189
1790	152
1791	28
1792	604
1794	77
1795	57
1796	86
1797	21
1798	9
1799	28
1800	3206
1802	5
1803	28
1804	91
1805	32
1806	262
1808	357
1809	66
1810	260
1812	416
1813	41
1814	16
1815	164
1816	326
1818	168
1820	723
1821	40
1822	10
1824	691
1825	54
1826	10
1827	68
1828	107
1830	406
1832	302
1833	33
1834	108
1835	72
1836	318
1838	13
1839	36
1840	936
1841	33
1842	133
1844	99
1845	114
1846	16
1848	725
1850	248
1851	38
1852	109
1854	129
1855	97
1856	363
1857	43
1858	8
1860	655
1862	95
1863	25
1864	238
1865	57
1866	132
1868	108
1869	81
1870	212
1872	472
1874	12
1875	88
1876	196
1878	108
1880	554
1881	38
1882	9
1883	34
1884	246
1885	55
1886	6
1887	22
1888	278
1890	425
1892	80
1893	42
1894	8
1895	53
1896	376
1897	44
1898	14
1899	29
1900	440
1902	115
1904	354
1905	89
1906	5
1908	194
1910	161
1911	54
1912	167
1914	96
1915	54
1916	66
1917	28
1918	91
1920	4691
1922	4
1923	22
1924	92
1925	81
1926	231
1928	461
1929	102
1930	138
1932	768
1934	25
1935	82
1936	774
1938	212
1939	24
1940	361
1941	52
1942	22
1944	859
1945	46
1946	87
1947	29
1948	162
1950	364
1952	664
1953	94
1954	15
1955	42
1956	414
1958	23
1959	30
1960	907
1962	168
1964	183
1965	84
1966	8
1967	29
1968	805
1970	138
1971	35
1972	109
1974	250
1975	33
1976	316
1977	44
1978	9
1980	582
1981	41
1982	8
1983	34
1984	515
1985	45
1986	122
1988	206
1989	42
1990	121
1992	523
1994	7
1995	103
1996	98
1998	121
2000	1308
2001	52
2002	82
2004	279
2005	32
2006	19
2007	31
2008	280
2009	34
2010	315
2012	98
2013	36
2014	7
2015	76
2016	840
2018	8
2019	25
2020	396
2022	107
2023	19
2024	247
2025	211
2026	6
2028	231
2030	240
2031	43
2032	343
2034	116
2035	56
2036	85
2037	79
2038	12
2040	932
2042	7
2043	59
2044	166
2045	37
2046	105
2048	323
2049	78
2050	169
2051	23
2052	212
2054	13
2055	83
2056	208
2058	165
2060	315
2061	43
2062	8
2064	464
2065	63
2066	5
2067	42
2068	71
2070	242
2072	288
2073	37
2074	8
2075	42
2076	152
2078	3
2079	52
2080	760
2082	91
2084	76
2085	74
2086	54
2088	348
2090	119
2091	40
2092	77
2093	23
2094	85
2095	44
2096	258
2097	46
2098	9
2100	812
2102	10
2103	26
2104	176
2105	31
2106	70
2107	9
2108	59
2109	31
2110	117
2112	454
2114	74
2115	84
2116	63
2118	97
2120	402
2121	64
2122	2
2124	133
2125	45
2126	9
2127	38
2128	380
2130	193
2132	55
2133	24
2134	4
2135	69
2136	248
2138	1
2139	20
2140	217
2142	140
2144	226
2145	66
2146	4
2148	107
2149	21
2150	112
2151	27
2152	137
2154	52
2155	34
2156	190
2157	25
2158	4
2160	1985
2162	3
2163	42
2164	62
2165	28
2166	147
2168	191
2169	97
2170	165
2172	371
2174	11
2175	68
2176	289
2177	22
2178	185
2180	208
2181	53
2182	17
2184	545
2185	21
2186	6
2187	47
2188	86
2190	245
2191	15
2192	246
2193	53
2194	4
2195	28
2196	261
2198	59
2199	36
2200	491
2202	109
2204	64
2205	94
2206	11
2208	412
2210	102
2211	27
2212	159
2214	99
2215	35
2216	151
2217	40
2218	6
2219	18
2220	397
2222	5
2223	31
2224	179
2225	18
2226	147
2228	51
2229	40
2230	84
2232	299
2233	22
2234	5
2235	55
2236	51
2238	94
2240	1314
2241	36
2242	5
2244	163
2245	21
2246	3
2247	33
2248	140
2250	502
2252	57
2253	33
2254	127
2255	23
2256	352
2258	3
2259	25
2260	186
2261	49
2262	88
2264	145
2265	93
2266	10
2268	337
2270	135
2271	16
2272	192
2274	77
2275	43
2276	41
2277	30
2278	3
2280	554
2282	133
2283	21
2284	61
2285	36
2286	72
2288	175
2289	55
2290	129
2292	165
2295	74
2296	336
2298	84
2300	207
2301	27
2302	5
2303	22
2304	296
2305	37
2306	3
2307	20
2308	47
2310	287
2312	123
2313	27
2314	5
2315	34
2316	109
2317	41
2318	3
2319	23
2320	363
2322	63
2324	200
2325	59
2326	4
2328	204
2330	112
2331	32
2332	41
2334	60
2335	31
2336	186
2337	19
2338	89
2340	306
2342	3
2343	18
2344	94
2345	76
2346	62
2348	45
2349	17
2350	107
2352	408
2354	3
2355	49
2356	34
2358	53
2359	19
2360	214
2361	33
2362	5
2364	117
2365	33
2366	83
2367	14
2368	117
2370	154
2372	38
2373	48
2374	2
2375	23
2376	155
2378	4
2379	20
2380	276
2382	53
2384	112
2385	59
2387	15
2388	93
2390	79
2391	23
2392	70
2394	116
2395	23
2396	36
2397	14
2398	3
2400	2996
2401	24
2402	2
2403	20
2404	43
2405	24
2406	132
2408	316
2409	58
2410	182
2412	345
2414	9
2415	131
2416	364
2418	117
2420	346
2421	31
2422	73
2424	391
2425	31
2426	10
2427	21
2428	72
2429	24
2430	281
2432	339
2433	20
2434	4
2435	48
2436	285
2438	8
2439	20
2440	486
2442	89
2443	18
2444	77
2445	67
2446	10
2448	407
2450	250
2451	19
2452	49
2454	85
2455	65
2456	141
2457	43
2458	7
2460	424
2462	2
2463	25
2464	349
2465	34
2466	85
2468	63
2469	31
2470	129
2471	12
2472	242
2475	73
2476	75
2478	123
2480	509
2481	26
2482	1
2484	132
2485	45
2486	5
2487	18
2488	149
2490	222
2492	140
2493	12
2494	5
2495	34
2496	325
2498	2
2499	32
2500	246
2502	62
2504	113
2505	62
2506	47
2508	147
2510	131
2511	17
2512	175
2513	11
2514	48
2515	34
2516	44
2517	15
2518	1
2520	989
2522	3
2523	17
2524	49
2525	24
2526	67
2527	15
2528	144
2529	28
2530	103
2532	121
2534	71
2535	44
2536	98
2538	54
2540	199
2541	68
2542	3
2544	228
2545	30
2546	6
2547	16
2548	187
2550	197
2552	103
2553	15
2554	1
2555	47
2556	102
2558	1
2559	11
2560	1541
2562	135
2564	53
2565	42
2566	13
2568	294
2569	26
2570	86
2571	24
2572	134
2574	56
2575	38
2576	582
2577	11
2578	7
2580	281
2582	10
2583	34
2584	236
2585	18
2586	56
2588	57
2589	15
2590	153
2592	510
2594	5
2595	43
2596	48
2597	16
2598	47
2600	448
2601	18
2602	5
2604	217
2605	29
2606	6
2607	13
2608	303
2610	124
2611	16
2612	52
2613	10
2614	3
2615	35
2616	250
2618	78
2619	14
2620	174
2622	39
2624	318
2625	55
2626	7
2628	105
2630	91
2631	15
2632	262
2634	45
2635	27
2636	56
2637	11
2638	6
2639	16
2640	638
2642	5
2643	8
2644	41
2645	28
2646	100
2648	139
2649	16
2650	83
2652	105
2653	28
2654	7
2655	39
2656	260
2658	51
2660	302
2661	10
2662	6
2664	206
2665	21
2666	5
2667	31
2668	61
2670	127
2672	206
2673	12
2674	50
2675	18
2676	93
2678	3
2679	13
2680	239
2681	15
2682	35
2684	50
2685	30
2686	2
2688	388
2690	56
2691	8
2692	34
2694	35
2695	50
2696	115
2697	9
2698	1
2700	833
2702	52
2703	12
2704	158
2705	10
2706	62
2708	72
2709	56
2710	90
2712	232
2714	5
2715	58
2716	133
2718	79
2720	452
2721	25
2722	7
2723	8
2724	132
2725	18
2726	3
2727	28
2728	113
2730	220
2732	67
2733	19
2734	6
2735	34
2736	240
2737	10
2738	3
2739	11
2740	138
2742	60
2744	195
2745	49
2746	1
2748	112
2750	83
2751	28
2752	203
2754	54
2755	29
2756	47
2757	17
2758	53
2760	342
2762	8
2763	16
2764	69
2765	29
2766	66
2768	123
2769	25
2770	64
2772	195
2774	7
2775	43
2776	90
2778	59
2779	5
2780	155
2781	25
2782	3
2784	193
2785	15
2786	47
2787	18
2788	34
2790	104
2792	93
2793	34
2794	1
2795	14
2796	112
2798	1
2799	19
2800	645
2802	43
2804	34
2805	37
2806	3
2807	10
2808	144
2810	70
2811	11
2812	47
2814	105
2815	28
2816	138
2817	11
2818	2
2820	226
2821	26
2822	2
2823	7
2824	85
2825	17
2826	23
2828	145
2829	7
2830	69
2832	179
2834	1
2835	44
2836	38
2838	34
2840	162
2841	19
2842	56
2844	97
2845	24
2846	1
2847	7
2848	116
2849	16
2850	99
2852	29
2853	10
2855	29
2856	234
2858	5
2859	7
2860	103
2862	38
2863	17
2864	69
2865	29
2866	1
2868	81
2870	106
2871	10
2872	74
2874	31
2875	24
2876	38
2877	31
2878	2
2880	1877
2882	2
2883	7
2884	106
2885	18
2886	87
2888	169
2889	55
2890	54
2891	15
2892	304
2894	7
2895	36
2896	257
2898	127
2900	144
2901	30
2902	3
2904	391
2905	26
2906	4
2907	24
2908	79
2910	151
2912	336
2913	37
2914	2
2915	17
2916	193
2918	7
2919	39
2920	214
2922	96
2924	70
2925	40
2926	47
2928	366
2930	37
2931	19
2932	46
2933	10
2934	63
2935	15
2936	125
2937	25
2938	5
2940	346
2942	5
2943	10
2944	201
2945	20
2946	63
2947	11
2948	51
2949	22
2950	47
2952	243
2954	36
2955	27
2956	46
2958	68
2960	262
2961	31
2964	118
2965	12
2966	3
2967	10
2968	175
2970	114
2972	50
2973	19
2974	2
2975	40
2976	301
2978	3
2979	15
2980	87
2982	94
2984	97
2985	26
2986	8
2988	107
2989	14
2990	38
2991	11
2992	105
2994	45
2995	19
2996	97
2997	14
2998	2
3000	689
3002	1
3003	17
3004	43
3005	12
3006	43
3008	120
3009	18
3010	118
3012	86
3014	2
3015	34
3016	85
3017	16
3018	55
3020	174
3021	19
3022	2
3024	254
3025	14
3027	13
3028	41
3030	134
3031	7
3032	70
3033	13
3035	17
3036	93
3038	33
3039	12
3040	373
3042	39
3044	27
3045	49
3046	4
3048	144
3050	68
3051	6
3052	93
3054	30
3055	22
3056	91
3057	8
3059	5
3060	231
3062	4
3063	9
3064	70
3065	20
3066	61
3068	29
3069	7
3070	75
3072	189
3073	7
3075	28
3076	25
3078	30
3080	309
3081	13
3082	1
3084	91
3085	19
3087	16
3088	85
3090	93
3092	23
3093	10
3094	36
3095	21
3096	109
3098	1
3099	6
3100	154
3101	14
3102	31
3104	94
3105	36
3106	1
3108	98
3110	57
3111	9
3112	63
3114	27
3115	27
3116	35
3117	12
3118	1
3120	335
3122	25
3123	7
3124	30
3125	15
3126	28
3128	56
3129	18
3130	44
3132	83
3134	4
3135	24
3136	155
3138	41
3140	112
3141	3
3142	1
3143	10
3144	97
3145	12
3147	14
3148	27
3150	196
3152	85
3153	8
3155	19
3156	48
3157	14
3158	2
3159	8
3160	124
3162	36
3164	64
3165	32
3168	133
3170	63
3171	20
3172	28
3174	17
3175	12
3176	54
3177	6
3178	49
3180	152
3182	3
3183	5
3184	65
3185	23
3186	28
3188	21
3189	13
3190	40
3192	121
3194	1
3195	25
3196	14
3198	20
3199	10
3200	1494
3201	8
3202	1
3204	60
3205	14
3206	39
3207	13
3208	160
3210	117
3212	64
3213	14
3214	2
3215	53
3216	262
3218	2
3219	3
3220	274
3222	22
3224	109
3225	19
3226	4
3227	12
3228	62
3230	115
3231	3
3232	247
3234	65
3235	24
3236	36
3237	6
3238	4
3240	641
3241	15
3242	3
3243	3
3244	39
3245	22
3246	44
3248	226
3249	58
3250	109
3252	116
3254	7
3255	55
3256	94
3258	49
3260	188
3261	18
3262	33
3264	246
3265	18
3266	6
3267	14
3268	40
3269	6
3270	124
3272	97
3273	19
3274	5
3275	25
3276	152
3278	1
3279	11
3280	302
3282	48
3283	9
3284	30
3285	27
3286	1
3288	154
3290	94
3291	19
3292	20
3294	41
3295	23
3296	144
3297	14
3298	3
3300	283
3302	2
3303	12
3304	120
3305	23
3306	33
3308	44
3309	14
3310	74
3311	16
3312	159
3314	4
3315	38
3316	18
3318	63
3320	208
3321	15
3322	2
3324	66
3325	32
3326	3
3327	8
3328	117
3330	105
3332	67
3333	8
3334	1
3335	24
3336	94
3338	1
3339	8
3340	106
3342	28
3344	80
3345	24
3346	25
3348	61
3350	53
3351	5
3352	49
3353	8
3354	23
3355	13
3356	25
3357	9
3358	1
3360	876
3362	3
3363	7
3364	23
3365	20
3366	36
3367	6
3368	65
3369	13
3370	43
3372	66
3374	59
3375	76
3376	86
3378	29
3380	88
3381	28
3382	2
3384	89
3385	24
3386	1
3387	8
3388	118
3390	71
3392	103
3393	8
3394	2
3395	37
3396	46
3398	3
3399	8
3400	217
3402	77
3404	28
3405	32
3406	1
3408	114
3409	14
3410	34
3411	5
3412	17
3414	18
3415	34
3416	131
3417	7
3418	1
3420	136
3422	1
3423	14
3424	78
3425	21
3426	20
3428	23
3429	12
3430	120
3432	79
3435	26
3436	20
3437	14
3438	20
3440	184
3441	7
3444	120
3445	17
3446	2
3447	11
3448	44
3450	70
3451	12
3452	18
3453	9
3454	2
3455	18
3456	122
3458	43
3459	4
3460	69
3462	15
3464	40
3465	37
3466	1
3468	37
3470	47
3471	8
3472	119
3474	21
3475	18
3476	17
3477	6
3478	1
3479	9
3480	174
3482	1
3483	3
3484	14
3485	11
3486	65
3488	71
3489	11
3490	35
3492	37
3493	17
3494	2
3495	20
3496	43
3498	17
3500	176
3501	5
3504	76
3505	15
3506	2
3507	22
3508	14
3510	59
3512	38
3513	3
3514	36
3515	18
3516	41
3518	1
3519	8
3520	220
3521	12
3522	14
3524	14
3525	18
3526	2
3528	124
3530	39
3531	10
3532	33
3534	21
3535	31
3536	47
3537	5
3538	2
3540	78
3542	34
3543	5
3544	42
3545	14
3546	9
3548	18
3549	16
3550	32
3552	89
3554	2
3555	15
3556	51
3558	10
3560	91
3561	5
3563	7
3564	37
3565	10
3566	2
3567	6
3568	53
3570	87
3572	19
3573	8
3575	18
3576	51
3577	9
3578	1
3579	4
3580	52
3582	5
3584	113
3585	17
3586	2
3588	26
3590	39
3591	15
3592	36
3594	10
3595	21
3596	10
3597	4
3598	28
3600	1195
3603	7
3604	22
3605	23
3606	60
3608	49
3609	26
3610	59
3612	176
3614	1
3615	61
3616	125
3618	51
3619	9
3620	128
3621	8
3622	1
3624	192
3625	11
3626	31
3627	7
3628	24
3630	117
3632	105
3633	21
3634	5
3635	22
3636	87
3638	2
3639	7
3640	254
3642	36
3644	41
3645	36
3646	2
3647	3
3648	201
3650	87
3651	6
3652	34
3654	63
3655	24
3656	52
3657	14
3658	1
3660	195
3661	13
3662	2
3663	10
3664	75
3665	23
3666	32
3668	67
3669	9
3670	60
3672	128
3674	3
3675	49
3676	33
3678	35
3680	256
3681	13
3682	28
3684	53
3685	17
3686	5
3687	11
3688	50
3689	9
3690	90
3692	19
3693	17
3694	2
3695	27
3696	198
3698	4
3699	7
3700	112
3702	32
3703	4
3704	49
3705	31
3708	56
3710	75
3711	6
3712	76
3714	21
3715	17
3716	16
3717	11
3718	1
3720	197
3722	3
3723	4
3724	61
3725	11
3726	18
3728	68
3729	8
3730	47
3731	5
3732	49
3734	1
3735	25
3736	42
3738	48
3740	82
3741	11
3742	1
3744	87
3745	22
3746	1
3747	4
3748	15
3750	94
3752	75
3753	7
3754	2
3755	20
3756	47
3759	12
3760	157
3762	20
3764	13
3765	24
3766	21
3768	65
3770	37
3771	7
3772	17
3773	10
3774	25
3775	18
3776	62
3777	5
3780	216
3783	4
3784	31
3785	15
3786	18
3787	5
3788	14
3789	11
3790	29
3792	83
3794	24
3795	13
3796	18
3798	11
3800	129
3801	22
3802	1
3804	38
3805	8
3806	1
3807	8
3808	97
3810	42
3812	8
3813	6
3814	4
3815	17
3816	65
3819	7
3820	82
3822	46
3824	39
3825	12
3828	33
3829	9
3830	32
3831	2
3832	43
3834	11
3835	16
3836	43
3837	3
3838	1
3840	1089
3842	1
3843	17
3844	24
3845	7
3846	40
3848	135
3849	12
3850	78
3852	162
3855	25
3856	235
3857	7
3858	46
3860	57
3861	4
3862	2
3864	254
3865	15
3866	3
3867	3
3868	46
3870	73
3871	11
3872	207
3873	11
3874	3
3875	13
3876	76
3878	23
3879	12
3880	141
3882	27
3884	40
3885	26
3886	4
3888	182
3890	25
3891	5
3892	62
3894	33
3895	11
3896	110
3897	10
3898	4
3899	7
3900	151
3902	1
3903	11
3904	148
3905	8
3906	52
3908	15
3909	8
3910	24
3912	122
3913	6
3914	2
3915	23
3916	33
3918	22
3920	250
3921	12
3922	2
3924	58
3925	8
3926	2
3927	6
3928	80
3930	47
3932	25
3933	8
3934	12
3935	9
3936	159
3938	2
3939	4
3940	71
3941	14
3942	17
3944	52
3945	20
3946	2
3948	98
3950	22
3952	105
3954	19
3955	22
3956	34
3957	9
3958	1
3960	163
3962	17
3963	6
3964	28
3965	10
3966	19
3968	98
3969	14
3970	20
3972	40
3974	1
3975	21
3976	76
3978	18
3980	52
3981	8
3982	1
3983	4
3984	99
3985	7
3987	7
3988	24
3990	62
3992	49
3993	4
3994	2
3995	9
3996	47
3997	4
3998	1
3999	2
4000	441
4002	13
4004	40
4005	13
4006	2
4008	72
4010	55
4011	10
4012	16
4014	11
4015	14
4016	86
4017	2
4018	15
4020	142
4022	2
4023	2
4024	43
4025	21
4026	17
4028	24
4029	2
4030	56
4032	153
4034	4
4035	11
4036	16
4038	12
4039	6
4040	144
4041	5
4042	1
4044	42
4045	12
4046	22
4047	4
4048	60
4050	178
4052	15
4053	10
4055	10
4056	65
4058	1
4059	16
4060	114
4062	25
4064	56
4065	16
4066	2
4067	4
4068	56
4070	37
4071	9
4072	35
4074	51
4075	11
4076	10
4077	9
4078	2
4080	206
4081	3
4082	1
4083	4
4084	12
4085	11
4086	35
4088	66
4089	4
4090	43
4092	46
4094	1
4095	41
4096	67
4098	24
4100	100
4101	7
4102	12
4104	55
4105	9
4107	5
4108	17
4109	3
4110	60
4112	60
4113	4
4114	2
4115	15
4116	56
4119	11
4120	75
4122	23
4123	8
4124	9
4125	15
4126	1
4128	75
4130	50
4131	2
4132	8
4134	25
4135	12
4136	26
4137	9
4138	1
4140	83
4142	1
4143	2
4144	51
4145	8
4146	21
4148	9
4149	9
4150	33
4151	8
4152	60
4154	1
4155	19
4156	10
4158	23
4160	168
4161	9
4162	2
4164	31
4165	18
4167	7
4168	43
4170	48
4172	25
4173	5
4175	9
4176	74
4178	1
4179	13
4180	44
4182	24
4184	26
4185	18
4186	13
4188	25
4190	20
4191	5
4192	48
4193	3
4194	21
4195	15
4196	7
4197	6
4198	1
4200	324
4203	7
4204	7
4205	19
4206	23
4207	3
4208	36
4209	7
4210	25
4212	31
4214	21
4215	11
4216	19
4218	30
4220	53
4221	18
4222	2
4224	71
4225	7
4227	3
4228	48
4230	38
4232	24
4233	8
4235	15
4236	22
4239	4
4240	93
4242	52
4244	5
4245	18
4246	1
4248	37
4249	8
4250	30
4251	3
4252	13
4254	10
4255	8
4256	81
4257	3
4258	2
4260	43
4262	2
4263	10
4264	28
4265	8
4266	13
4268	8
4269	6
4270	57
4272	57
4275	18
4276	6
4277	7
4278	8
4280	51
4281	2
4282	2
4284	55
4285	11
4287	2
4288	31
4290	36
4291	6
4292	8
4293	5
4294	1
4295	8
4296	43
4298	19
4299	4
4300	68
4302	11
4304	27
4305	11
4306	1
4308	19
4310	21
4311	6
4312	55
4314	2
4315	7
4316	6
4317	1
4318	1
4319	7
4320	538
4322	1
4323	2
4324	11
4325	6
4326	50
4328	40
4329	19
4330	25
4332	100
4333	5
4334	1
4335	15
4336	104
4338	46
4340	87
4341	8
4342	7
4344	118
4345	9
4346	4
4347	20
4348	27
4350	64
4352	71
4353	7
4354	22
4355	5
4356	56
4358	3
4359	5
4360	77
4361	6
4362	27
4364	28
4365	12
4366	1
4368	150
4370	28
4371	9
4372	17
4374	24
4375	14
4376	41
4377	9
4378	2
4380	79
4382	22
4383	7
4384	54
4385	4
4386	25
4388	18
4389	12
4390	17
4392	72
4394	1
4395	10
4396	38
4398	26
4400	128
4401	11
4402	1
4403	6
4404	34
4405	5
4407	8
4408	32
4410	63
4412	13
4413	5
4414	2
4415	13
4416	80
4417	5
4418	3
4419	7
4420	28
4422	19
4424	56
4425	15
4426	1
4428	32
4430	10
4431	11
4432	40
4434	13
4435	4
4436	7
4437	7
4438	15
4440	94
4443	3
4444	13
4445	6
4446	26
4448	44
4449	7
4450	23
4452	60
4455	8
4456	29
4458	14
4459	3
4460	41
4461	4
4462	1
4464	82
4465	7
4466	14
4467	5
4468	7
4470	35
4472	19
4473	7
4475	6
4476	32
4479	9
4480	311
4482	9
4484	10
4485	7
4486	1
4487	6
4488	46
4490	19
4491	2
4492	6
4494	64
4495	7
4496	41
4497	4
4500	230
4501	9
4503	3
4504	39
4505	8
4506	12
4508	80
4509	1
4510	23
4512	69
4514	1
4515	30
4516	8
4518	14
4520	89
4521	2
4522	27
4524	35
4525	3
4526	1
4527	2
4528	42
4529	12
4530	55
4532	7
4533	6
4534	1
4535	10
4536	99
4539	4
4540	54
4542	11
4543	11
4544	32
4545	13
4546	1
4548	18
4550	56
4551	3
4552	26
4554	13
4555	10
4556	6
4557	20
4558	1
4560	137
4562	2
4563	1
4564	61
4565	11
4566	14
4568	20
4569	9
4570	17
4571	6
4572	23
4574	3
4575	11
4576	39
4578	38
4580	45
4581	4
4582	3
4584	37
4585	18
4587	4
4588	8
4590	37
4592	67
4593	4
4594	1
4595	13
4596	26
4599	15
4600	73
4602	14
4604	7
4605	14
4606	15
4608	35
4610	23
4611	2
4612	10
4613	14
4614	8
4615	12
4616	21
4620	118
4622	1
4623	2
4624	26
4625	8
4626	18
4627	2
4628	5
4629	3
4630	23
4632	26
4634	17
4635	8
4636	8
4638	6
4640	84
4641	12
4644	21
4645	4
4647	4
4648	58
4650	45
4652	17
4653	1
4654	1
4655	14
4656	37
4658	2
4659	2
4660	37
4662	20
4664	20
4665	4
4668	19
4669	7
4670	26
4671	2
4672	23
4674	7
4675	8
4676	30
4677	3
4680	60
4683	11
4684	6
4685	6
4686	6
4688	28
4689	5
4690	27
4692	15
4695	11
4696	18
4697	3
4698	8
4700	34
4701	2
4702	1
4704	59
4705	8
4706	1
4707	4
4708	6
4710	31
4711	9
4712	12
4713	2
4714	1
4715	9
4716	17
4718	20
4719	3
4720	70
4722	8
4724	5
4725	37
4728	35
4730	17
4731	2
4732	31
4734	12
4735	8
4736	25
4737	3
4738	1
4739	5
4740	45
4743	3
4744	16
4745	5
4746	24
4748	3
4749	3
4750	25
4752	33
4753	11
4755	10
4756	9
4758	3
4760	65
4761	1
4764	22
4765	4
4767	11
4768	26
4770	17
4772	2
4773	4
4774	12
4775	9
4776	15
4779	1
4780	30
4781	7
4782	8
4784	18
4785	7
4786	1
4788	42
4790	14
4791	3
4792	13
4794	4
4795	8
4796	6
4797	3
4798	1
4800	1018
4802	13
4803	1
4804	13
4805	3
4806	37
4808	57
4809	24
4810	39
4812	89
4814	1
4815	29
4816	136
4818	17
4820	114
4821	4
4822	2
4823	9
4824	115
4825	7
4827	5
4828	9
4830	83
4832	113
4833	5
4834	1
4835	15
4836	57
4837	6
4838	4
4839	6
4840	122
4842	21
4844	29
4845	15
4846	2
4848	116
4850	46
4851	4
4852	15
4854	20
4855	18
4856	32
4857	5
4858	13
4860	116
4863	1
4864	74
4865	21
4866	23
4868	8
4869	12
4870	49
4872	79
4875	20
4876	20
4878	19
4879	3
4880	150
4881	8
4882	2
4884	39
4885	11
4886	15
4887	3
4888	53
4890	58
4892	12
4893	12
4894	2
4895	17
4896	106
4899	4
4900	101
4902	18
4904	24
4905	15
4906	2
4907	4
4908	33
4910	33
4911	2
4912	40
4914	30
4915	12
4916	13
4917	8
4918	1
4920	120
4921	9
4922	2
4923	5
4924	13
4925	11
4926	28
4928	78
4929	8
4930	22
4932	30
4934	3
4935	28
4936	32
4938	13
4940	52
4941	6
4942	15
4944	58
4945	9
4946	1
4947	4
4948	7
4949	4
4950	42
4952	30
4953	5
4955	15
4956	44
4958	1
4959	3
4960	113
4962	17
4963	5
4964	6
4965	8
4968	30
4970	38
4971	5
4972	15
4974	9
4975	8
4976	29
4977	5
4980	66
4982	2
4983	2
4984	38
4985	8
4986	10
4988	7
4989	4
4990	24
4991	5
4992	51
4995	10
4996	7
4998	16
5000	89
5001	4
5004	24
5005	18
5007	3
5008	22
5010	39
5012	12
5013	2
5015	7
5016	35
5019	9
5020	46
5022	10
5024	20
5025	5
5026	11
5028	12
5030	19
5031	1
5032	16
5033	5
5034	14
5035	14
5036	8
5037	4
5040	321
5043	1
5044	4
5045	1
5046	8
5047	7
5048	14
5049	4
5050	13
5052	15
5054	23
5055	8
5056	26
5058	10
5060	29
5061	15
5064	25
5065	14
5068	36
5070	19
5072	27
5073	5
5075	4
5076	17
5079	3
5080	36
5082	37
5084	5
5085	11
5088	36
5089	11
5090	17
5092	4
5094	10
5095	7
5096	44
5098	1
5100	58
5103	14
5104	25
5105	4
5106	5
5108	8
5109	5
5110	43
5112	21
5115	9
5116	5
5117	5
5118	13
5120	292
5121	1
5122	1
5124	42
5125	3
5126	1
5127	1
5128	50
5130	26
5131	9
5132	12
5133	3
5134	1
5135	3
5136	97
5138	21
5139	1
5140	32
5142	5
5144	41
5145	14
5148	17
5150	10
5152	121
5154	7
5155	3
5156	10
5157	4
5159	1
5160	73
5163	1
5164	11
5165	7
5166	17
5168	50
5169	2
5170	14
5172	13
5173	9
5175	9
5176	31
5178	10
5180	62
5181	3
5182	1
5184	93
5185	8
5186	2
5187	6
5188	15
5190	21
5192	29
5194	13
5195	4
5196	17
5200	115
5201	3
5202	8
5204	5
5205	6
5206	1
5208	54
5210	10
5211	2
5212	8
5214	5
5215	13
5216	66
5217	1
5218	2
5220	33
5222	12
5224	39
5225	4
5226	3
5228	8
5229	7
5230	15
5232	52
5234	2
5235	10
5236	29
5238	9
5240	53
5241	2
5243	7
5244	18
5245	2
5247	5
5248	67
5250	41
5252	3
5254	3
5255	6
5256	31
5257	1
5258	1
5259	1
5260	31
5262	3
5264	51
5265	3
5268	6
5270	12
5271	5
5272	12
5274	5
5275	1
5276	6
5277	1
5278	10
5280	103
5283	1
5284	5
5285	8
5286	4
5288	26
5289	2
5290	11
5292	26
5294	1
5295	8
5296	28
5298	9
5299	1
5300	31
5301	2
5302	1
5304	32
5305	5
5306	7
5308	6
5310	17
5312	42
5313	4
5315	5
5316	16
5319	3
5320	62
5322	2
5324	7
5325	2
5327	4
5328	46
5330	9
5331	1
5332	11
5334	19
5335	6
5336	28
5337	1
5340	36
5341	4
5342	1
5343	1
5344	31
5345	6
5346	2
5348	19
5350	8
5352	28
5355	18
5356	5
5358	5
5360	48
5361	4
5362	14
5364	9
5365	5
5368	15
5369	3
5370	8
5372	6
5373	2
5374	1
5375	4
5376	55
5379	1
5380	18
5382	2
5383	1
5384	14
5385	7
5388	7
5390	20
5391	1
5392	24
5394	3
5395	3
5396	6
5397	11
5400	379
5403	2
5404	18
5405	2
5406	12
5408	27
5409	4
5410	17
5411	5
5412	37
5414	1
5415	20
5416	33
5418	25
5420	37
5421	6
5424	49
5425	11
5426	1
5427	2
5428	10
5430	49
5432	47
5433	3
5434	1
5435	15
5436	45
5438	1
5439	5
5440	93
5442	3
5444	9
5445	11
5446	9
5448	55
5450	13
5451	4
5452	19
5453	6
5454	9
5455	8
5456	42
5457	6
5460	87
5464	30
5465	7
5466	11
5467	1
5468	9
5469	8
5470	14
5472	59
5474	10
5475	13
5476	9
5478	15
5480	47
5481	14
5482	1
5484	23
5485	7
5486	2
5487	1
5488	38
5490	25
5492	7
5493	1
5495	6
5496	40
5499	6
5500	28
5502	16
5504	29
5505	12
5508	18
5509	3
5510	12
5511	3
5512	22
5514	5
5515	10
5516	14
5517	3
5518	1
5520	80
5523	4
5524	8
5525	5
5526	12
5528	19
5529	3
5530	15
5532	18
5535	3
5536	23
5537	2
5538	7
5540	29
5541	4
5542	1
5544	54
5545	4
5546	1
5547	2
5548	9
5550	30
5551	4
5552	19
5553	3
5555	6
5556	17
5558	4
5559	5
5560	38
5562	8
5564	12
5565	9
5566	1
5568	20
5570	11
5571	2
5572	13
5574	9
5575	4
5576	18
5577	2
5579	4
5580	39
5584	17
5585	6
5586	13
5588	5
5589	1
5590	13
5592	30
5593	5
5594	1
5595	8
5596	5
5598	4
5600	200
5601	1
5604	14
5605	3
5607	4
5608	20
5610	20
5612	8
5613	2
5614	19
5615	5
5616	29
5619	2
5620	27
5621	7
5622	5
5624	16
5625	9
5628	41
5630	17
5631	1
5632	21
5634	4
5635	7
5636	3
5637	1
5640	50
5642	16
5643	3
5644	3
5645	2
5646	8
5648	15
5649	12
5650	18
5652	17
5655	3
5656	55
5658	10
5660	12
5661	3
5663	8
5664	14
5665	3
5667	1
5668	4
5670	31
5672	7
5673	1
5674	1
5675	5
5676	10
5677	6
5680	37
5682	4
5684	23
5685	4
5688	22
5690	3
5691	7
5692	3
5694	2
5695	6
5696	15
5697	1
5698	17
5700	39
5703	2
5704	11
5705	1
5706	3
5708	2
5709	2
5710	11
5712	37
5715	7
5716	4
5718	3
5719	5
5720	34
5721	2
5724	9
5725	5
5726	14
5727	2
5728	13
5730	13
5732	3
5733	5
5735	6
5736	14
5739	3
5740	40
5742	6
5744	10
5745	3
5747	4
5748	7
5750	9
5751	1
5752	13
5754	13
5755	3
5756	1
5758	1
5760	347
5761	4
5763	1
5764	5
5765	3
5766	20
5768	46
5769	7
5770	13
5772	73
5775	11
5776	41
5778	14
5780	15
5781	12
5782	18
5784	102
5785	2
5787	3
5788	10
5789	4
5790	25
5792	66
5793	16
5794	1
5795	2
5796	54
5798	1
5799	3
5800	70
5802	35
5804	14
5805	16
5806	2
5808	76
5810	20
5811	10
5812	7
5814	11
5815	6
5816	29
5817	8
5820	62
5823	5
5824	53
5825	3
5826	16
5828	12
5829	3
5830	7
5831	4
5832	68
5834	1
5835	6
5836	9
5838	23
5840	61
5841	6
5842	1
5844	28
5845	13
5847	4
5848	32
5850	19
5852	18
5853	5
5854	2
5855	4
5856	55
5859	8
5860	13
5862	9
5864	23
5865	6
5866	12
5868	24
5870	6
5871	2
5872	12
5873	5
5874	15
5875	4
5876	5
5877	3
5880	81
5883	1
5884	7
5885	3
5886	11
5887	3
5888	20
5889	5
5890	7
5892	23
5894	9
5895	8
5896	18
5898	9
5900	26
5901	5
5904	38
5905	1
5907	3
5908	21
5910	17
5912	9
5913	4
5915	3
5916	19
5918	1
5919	4
5920	55
5922	19
5924	5
5925	2
5928	25
5929	5
5930	8
5931	2
5932	7
5934	10
5936	40
5937	1
5940	30
5943	2
5944	22
5946	7
5948	9
5949	5
5950	20
5952	42
5955	4
5956	6
5957	2
5958	3
5960	24
5961	4
5964	24
5965	2
5967	1
5968	20
5970	10
5971	1
5972	3
5973	2
5975	3
5976	23
5978	12
5979	2
5980	9
5982	12
5984	13
5985	4
5988	13
5990	7
5991	2
5992	17
5994	6
5995	1
5996	3
5999	6
6000	236
6003	3
6004	3
6005	3
6006	12
6008	21
6009	4
6010	26
6012	14
6013	1
6015	17
6016	17
6018	4
6020	76
6021	4
6024	20
6027	2
6028	8
6030	27
6032	11
6033	3
6034	5
6035	3
6036	14
6039	2
6040	41
6041	1
6042	3
6044	4
6045	6
6048	37
6050	17
6052	6
6054	4
6055	7
6056	10
6057	1
6060	40
6062	7
6063	2
6064	13
6065	3
6066	3
6068	9
6069	8
6070	17
6072	12
6075	19
6076	14
6078	5
6080	54
6081	3
6083	3
6084	10
6085	5
6086	1
6087	4
6088	10
6090	33
6092	4
6093	2
6094	1
6095	3
6096	28
6097	4
6099	5
6100	40
6102	4
6104	27
6105	3
6108	13
6110	18
6111	3
6112	22
6114	5
6115	8
6116	4
6117	1
6118	7
6120	57
6123	4
6124	4
6125	7
6126	5
6128	16
6129	1
6130	7
6132	21
6135	12
6136	17
6138	4
6139	1
6140	22
6144	23
6145	3
6146	4
6147	4
6148	4
6150	22
6152	12
6153	3
6155	4
6156	8
6160	61
6162	3
6164	2
6165	5
6168	24
6170	5
6171	3
6172	5
6174	9
6175	5
6176	21
6177	7
6180	27
6181	1
6183	2
6184	12
6185	1
6186	5
6188	9
6190	9
6192	19
6195	10
6196	4
6198	2
6200	49
6201	1
6202	6
6204	11
6205	2
6207	1
6208	17
6209	1
6210	15
6212	2
6215	4
6216	27
6219	5
6220	22
6222	1
6223	2
6224	5
6225	3
6228	4
6230	20
6232	12
6234	1
6235	3
6236	2
6237	5
6240	55
6243	2
6244	13
6245	7
6246	2
6248	4
6249	6
6250	12
6251	3
6252	6
6255	3
6256	17
6258	16
6260	17
6261	1
6264	13
6265	7
6267	2
6268	2
6270	8
6272	18
6273	1
6275	4
6276	7
6279	3
6280	18
6282	7
6284	2
6285	2
6286	8
6288	15
6290	7
6291	1
6292	3
6293	1
6294	3
6295	4
6296	9
6297	1
6300	99
6302	1
6303	1
6304	6
6305	4
6306	1
6307	1
6308	5
6309	1
6310	5
6312	10
6314	8
6315	5
6316	3
6318	1
6320	36
6321	9
6324	6
6325	1
6327	1
6328	21
6330	13
6332	3
6333	1
6335	4
6336	15
6338	1
6340	14
6342	18
6344	7
6348	6
6349	3
6350	11
6351	2
6352	5
6354	1
6355	2
6356	19
6357	2
6360	31
6363	3
6364	3
6365	6
6366	3
6368	8
6369	5
6370	15
6372	7
6375	4
6376	6
6377	1
6378	2
6380	11
6381	5
6384	29
6385	1
6386	1
6387	1
6388	3
6390	13
6391	2
6392	5
6393	1
6394	1
6395	3
6396	7
6398	9
6399	1
6400	365
6402	3
6404	3
6405	9
6406	1
6408	41
6410	16
6411	1
6412	30
6414	5
6415	2
6416	61
6419	1
6420	61
6422	1
6423	1
6424	27
6425	9
6426	7
6428	3
6429	2
6430	17
6432	57
6433	4
6435	7
6436	5
6438	2
6440	106
6442	1
6444	10
6447	6
6448	38
6450	25
6452	9
6453	1
6454	6
6455	3
6456	27
6459	2
6460	32
6461	4
6462	4
6464	44
6465	2
6466	1
6468	18
6470	18
6471	1
6472	27
6475	9
6476	12
6480	167
6482	6
6483	1
6484	2
6485	1
6486	2
6488	24
6489	11
6490	11
6492	29
6494	1
6495	9
6496	46
6498	14
6500	35
6501	1
6502	1
6503	5
6504	35
6505	4
6507	4
6508	15
6510	39
6512	21
6513	7
6515	11
6516	17
6517	2
6519	3
6520	55
6522	12
6524	28
6525	13
6526	1
6528	38
6530	15
6531	7
6532	4
6534	10
6535	8
6536	17
6537	3
6538	5
6540	36
6543	4
6544	18
6545	3
6546	7
6548	5
6549	1
6550	16
6552	42
6554	2
6555	9
6556	8
6558	5
6559	1
6560	45
6561	3
6564	17
6566	9
6567	2
6568	13
6570	18
6572	6
6573	4
6575	3
6576	32
6579	2
6580	34
6582	6
6584	12
6585	3
6586	1
6587	2
6588	9
6590	10
6591	2
6592	18
6594	15
6595	5
6596	1
6597	3
6598	1
6600	50
6601	3
6603	4
6604	4
6605	2
6606	3
6608	32
6609	2
6610	14
6612	11
6615	7
6616	12
6618	7
6620	21
6621	1
6622	7
6624	24
6625	4
6627	3
6628	2
6629	1
6630	18
6632	9
6633	1
6635	9
6636	17
6639	3
6640	44
6642	6
6643	3
6644	4
6645	4
6646	2
6648	14
6650	13
6651	1
6652	5
6654	4
6655	2
6656	14
6657	9
6660	30
6663	2
6664	19
6665	2
6666	1
6668	4
6669	4
6670	2
6671	2
6672	20
6675	2
6676	1
6678	8
6680	25
6681	3
6684	12
6685	5
6687	2
6688	14
6690	14
6692	3
6693	1
6695	5
6696	17
6699	3
6700	11
6704	9
6705	6
6706	4
6708	5
6710	10
6711	2
6712	8
6713	1
6714	5
6715	3
6716	2
6720	167
6723	2
6724	3
6725	2
6726	7
6727	1
6728	11
6729	2
6730	9
6732	13
6734	12
6735	3
6736	18
6738	2
6740	15
6741	17
6744	18
6745	3
6748	29
6750	61
6752	15
6753	1
6755	8
6756	8
6759	2
6760	19
6762	19
6764	5
6765	6
6768	20
6769	4
6770	15
6771	2
6772	2
6774	3
6775	2
6776	41
6780	27
6783	1
6784	6
6785	5
6786	7
6789	1
6790	26
6792	7
6795	5
6796	3
6797	8
6798	2
6800	35
6804	34
6805	3
6807	3
6808	6
6810	14
6811	6
6812	4
6815	3
6816	11
6818	18
6819	2
6820	12
6822	1
6824	5
6825	10
6828	7
6830	14
6832	43
6834	4
6835	3
6836	2
6839	4
6840	32
6843	1
6844	3
6845	3
6846	13
6848	11
6850	19
6852	7
6853	4
6855	2
6856	6
6858	4
6860	32
6861	2
6862	2
6864	7
6865	1
6866	1
6867	6
6868	4
6870	16
6872	7
6874	11
6875	6
6876	9
6879	3
6880	38
6881	1
6882	1
6884	3
6885	4
6888	31
6890	10
6892	2
6894	2
6895	7
6896	9
6897	2
6900	14
6902	11
6903	1
6904	6
6905	6
6906	3
6908	3
6909	3
6910	11
6912	8
6915	6
6916	9
6920	20
6921	1
6923	4
6924	5
6925	4
6927	1
6928	7
6930	25
6932	2
6933	1
6935	1
6936	10
6937	2
6939	2
6940	11
6942	1
6944	22
6945	3
6948	2
6950	12
6951	5
6952	7
6954	1
6955	2
6956	3
6958	5
6960	27
6964	3
6965	5
6966	5
6968	6
6970	11
6972	19
6975	5
6976	6
6978	2
6979	3
6980	22
6981	2
6984	7
6985	1
6986	8
6987	2
6988	3
6990	9
6992	6
6993	2
6995	2
6996	7
7000	42
7002	3
7004	2
7005	2
7007	1
7008	8
7010	10
7011	1
7012	2
7014	5
7015	4
7016	8
7017	1
7020	12
7021	2
7023	1
7024	5
7025	2
7026	1
7028	13
7029	1
7030	11
7032	7
7035	3
7036	3
7038	2
7040	39
7042	11
7044	4
7045	2
7048	4
7049	2
7050	8
7052	2
7055	2
7056	18
7059	1
7060	5
7062	1
7063	4
7064	4
7065	2
7068	1
7070	12
7071	1
7072	7
7074	3
7075	1
7076	1
7077	5
7080	20
7082	1
7083	1
7084	14
7085	1
7086	1
7088	10
7090	6
7091	1
7092	5
7095	3
7096	7
7098	7
7100	8
7101	1
7104	4
7105	5
7110	7
7112	16
7115	2
7116	1
7119	3
7120	10
7124	2
7125	3
7126	9
7128	5
7130	5
7132	1
7133	1
7134	2
7135	1
7136	8
7137	1
7140	20
7144	3
7145	3
7148	3
7150	7
7152	4
7154	3
7155	1
7156	2
7160	11
7161	4
7164	3
7165	1
7167	1
7168	16
7170	8
7172	3
7175	3
7176	6
7180	5
7182	5
7184	5
7185	3
7189	1
7190	4
7192	9
7194	2
7195	2
7196	8
7200	290
7203	3
7204	4
7205	4
7206	12
7208	5
7209	5
7210	11
7212	21
7215	4
7216	25
7217	3
7218	16
7220	25
7221	2
7224	54
7225	1
7226	1
7228	1
7230	29
7231	2
7232	20
7233	6
7234	1
7235	4
7236	14
7238	6
7239	1
7240	31
7242	6
7244	4
7245	6
7246	1
7248	36
7250	9
7251	3
7252	8
7254	8
7255	9
7256	17
7257	2
7259	1
7260	41
7264	20
7265	3
7266	11
7268	2
7269	1
7270	10
7272	27
7273	2
7274	1
7275	5
7276	5
7278	3
7280	64
7281	2
7284	9
7285	3
7287	1
7288	15
7290	18
7292	8
7293	3
7294	4
7295	1
7296	30
7299	1
7300	16
7301	2
7302	7
7304	12
7305	6
7306	1
7308	18
7310	7
7311	1
7312	17
7314	5
7315	8
7316	7
7317	2
7320	38
7322	7
7323	1
7324	3
7325	4
7326	2
7328	14
7330	5
7332	2
7335	2
7336	19
7338	5
7340	15
7341	2
7343	1
7344	17
7345	1
7347	3
7348	3
7350	22
7352	9
7353	2
7355	4
7356	10
7357	1
7359	2
7360	50
7362	4
7364	3
7365	2
7368	13
7370	13
7371	5
7372	2
7374	3
7375	3
7376	17
7377	2
7378	4
7380	21
7382	1
7383	1
7384	8
7385	2
7386	3
7388	1
7390	8
7392	26
7395	3
7396	3
7398	5
7399	2
7400	26
7401	1
7404	9
7405	3
7406	3
7408	15
7410	18
7412	3
7415	3
7416	15
7419	2
7420	21
7422	2
7424	14
7425	5
7428	6
7430	6
7432	4
7434	12
7435	1
7436	4
7437	5
7440	29
7441	4
7444	4
7445	2
7446	1
7448	6
7450	10
7452	8
7455	4
7456	21
7458	1
7460	9
7461	2
7462	3
7464	9
7465	6
7467	1
7468	1
7469	1
7470	12
7472	16
7475	1
7476	7
7479	1
7480	19
7482	3
7484	1
7485	3
7486	1
7488	13
7490	7
7491	1
7492	4
7494	3
7496	9
7497	5
7500	24
7503	1
7504	8
7505	1
7506	3
7510	5
7511	3
7512	6
7515	4
7516	3
7518	7
7520	24
7521	1
7524	9
7525	2
7528	6
7530	9
7532	9
7533	1
7535	3
7536	17
7539	1
7540	10
7542	1
7544	8
7545	2
7546	5
7548	2
7550	6
7552	4
7555	2
7556	2
7560	60
7564	2
7565	2
7566	3
7567	1
7568	5
7570	3
7572	9
7574	5
7576	4
7578	1
7580	5
7581	5
7584	12
7585	1
7587	1
7588	12
7590	2
7592	2
7595	2
7596	2
7599	1
7600	36
7602	14
7604	4
7605	1
7608	6
7609	4
7610	5
7611	1
7612	1
7615	1
7616	24
7617	2
7620	13
7623	4
7624	5
7625	2
7626	1
7628	4
7629	1
7630	8
7632	11
7635	4
7636	2
7637	2
7638	2
7640	9
7644	14
7645	1
7647	1
7648	6
7650	5
7652	2
7653	1
7656	9
7658	6
7660	9
7662	4
7664	4
7665	6
7668	4
7670	2
7672	9
7679	1
7680	145
7684	2
7685	2
7686	13
7688	21
7689	2
7690	9
7692	15
7695	5
7696	62
7698	3
7700	25
7702	1
7704	30
7705	2
7708	13
7710	5
7712	55
7714	7
7715	3
7716	13
7720	27
7721	4
7722	7
7724	12
7725	4
7726	1
7728	46
7730	3
7732	3
7734	2
7735	1
7736	25
7737	1
7740	15
7742	3
7743	1
7744	41
7745	1
7746	3
7748	3
7749	3
7750	5
7752	21
7755	3
7756	8
7758	4
7760	33
7761	1
7763	1
7764	4
7765	2
7768	25
7770	11
7772	7
7775	1
7776	40
7777	6
7780	7
7782	1
7784	25
7785	1
7788	10
7790	3
7791	2
7792	24
7794	2
7796	3
7797	1
7798	3
7800	38
7804	3
7805	5
7806	1
7808	23
7810	3
7812	9
7815	4
7816	12
7818	4
7819	1
7820	11
7821	1
7824	16
7825	2
7826	4
7827	1
7828	3
7830	5
7832	12
7833	2
7835	1
7836	7
7838	1
7840	36
7842	4
7844	6
7845	7
7847	2
7848	13
7850	5
7851	1
7852	3
7854	10
7855	4
7856	11
7857	1
7860	12
7861	1
7862	1
7864	12
7865	2
7866	1
7868	12
7869	2
7870	3
7872	25
7874	1
7875	5
7876	3
7878	1
7880	13
7882	2
7884	7
7887	2
7888	17
7889	1
7890	2
7892	3
7895	2
7896	20
7899	1
7900	10
7902	1
7904	17
7908	6
7910	3
7911	2
7912	7
7914	4
7915	3
7916	4
7917	3
7920	20
7924	9
7925	4
7926	5
7928	11
7930	4
7931	1
7932	1
7935	1
7936	11
7938	5
7940	3
7944	9
7945	7
7948	5
7950	6
7952	13
7955	2
7956	7
7959	2
7960	10
7962	2
7964	3
7965	2
7966	4
7968	15
7970	3
7972	3
7976	6
7980	14
7984	6
7985	3
7986	2
7987	4
7988	2
7989	2
7990	1
7992	10
7994	4
7995	4
7996	3
7998	1
8000	122
8001	1
8004	3
8008	14
8010	21
8012	6
8013	1
8015	8
8016	7
8019	1
8020	33
8022	5
8024	6
8028	4
8029	1
8030	8
8031	3
8032	10
8034	1
8036	9
8037	1
8040	35
8043	2
8044	2
8045	1
8048	2
8050	19
8052	3
8056	7
8057	2
8058	1
8060	19
8064	14
8065	2
8070	9
8072	10
8075	1
8076	5
8078	2
8080	21
8082	1
8085	4
8088	1
8090	3
8092	8
8094	1
8095	2
8096	8
8097	1
8099	1
8100	64
8104	3
8105	5
8106	8
8108	3
8109	4
8110	12
8112	9
8113	2
8115	4
8116	2
8118	12
8120	25
8124	11
8125	3
8127	3
8128	5
8130	14
8132	2
8133	2
8134	1
8135	3
8136	9
8139	1
8140	14
8141	3
8142	7
8144	5
8145	8
8148	11
8150	10
8152	3
8154	3
8155	5
8156	1
8157	2
8160	43
8162	6
8164	2
8165	3
8166	4
8168	6
8169	1
8170	12
8172	11
8175	2
8176	11
8178	4
8180	14
8181	1
8184	7
8185	1
8187	2
8188	5
8190	10
8192	9
8195	4
8196	9
8197	1
8200	24
8202	3
8204	4
8205	1
8208	14
8210	7
8211	2
8212	1
8214	3
8215	4
8216	6
8218	3
8220	15
8223	1
8224	8
8225	4
8228	2
8229	1
8230	4
8232	13
8235	1
8236	4
8238	4
8239	2
8240	15
8241	2
8244	10
8246	1
8247	1
8248	4
8250	8
8252	3
8255	3
8256	11
8259	1
8260	18
8262	4
8264	3
8265	2
8268	8
8270	6
8272	4
8274	6
8275	1
8276	8
8277	3
8280	21
8281	1
8284	1
8285	2
8286	3
8288	7
8289	3
8290	1
8292	9
8295	3
8296	2
8298	5
8300	14
8301	3
8304	6
8308	1
8309	1
8310	8
8312	3
8313	1
8315	1
8316	6
8319	1
8320	27
8322	1
8324	2
8325	2
8328	4
8330	11
8332	4
8334	3
8335	4
8336	2
8337	2
8340	13
8343	1
8344	8
8345	2
8346	2
8348	2
8349	1
8350	7
8352	10
8356	2
8358	8
8360	8
8361	1
8364	6
8365	2
8368	5
8370	3
8372	9
8373	2
8375	2
8376	8
8380	10
8382	3
8384	4
8385	1
8386	1
8388	3
8390	2
8393	1
8394	2
8396	2
8397	3
8400	72
8404	1
8406	1
8408	3
8410	3
8412	1
8414	3
8415	1
8416	3
8418	1
8420	11
8421	6
8422	1
8424	5
8425	1
8428	14
8430	8
8432	2
8435	2
8436	5
8440	6
8442	9
8444	2
8445	2
8448	2
8449	1
8450	5
8451	1
8455	4
8456	15
8457	1
8460	8
8463	1
8464	2
8465	2
8466	2
8468	2
8469	1
8470	8
8472	5
8477	2
8478	1
8480	14
8484	13
8485	1
8488	4
8490	6
8491	1
8492	1
8495	2
8496	6
8498	3
8500	7
8502	2
8504	6
8505	6
8508	6
8510	5
8511	1
8512	16
8516	1
8519	1
8520	8
8524	2
8525	3
8526	8
8528	1
8530	4
8532	3
8533	1
8535	1
8538	2
8540	11
8544	3
8547	2
8550	2
8554	3
8555	2
8556	7
8559	1
8560	11
8561	1
8562	1
8564	1
8565	1
8568	14
8570	3
8572	3
8574	1
8575	3
8576	2
8580	7
8582	5
8585	2
8586	3
8588	2
8589	1
8590	1
8592	1
8595	2
8596	5
8598	1
8600	9
8601	1
8603	1
8604	4
8605	1
8607	1
8608	1
8610	8
8616	3
8617	1
8618	1
8619	2
8620	5
8624	9
8625	1
8628	4
8630	3
8632	3
8634	1
8635	3
8638	6
8640	96
8645	3
8646	3
8648	5
8649	1
8650	2
8652	19
8655	2
8656	22
8658	6
8660	4
8664	25
8665	2
8666	2
8668	9
8670	4
8672	14
8673	4
8674	1
8676	9
8679	2
8680	28
8682	4
8684	4
8687	1
8688	23
8690	3
8691	1
8692	1
8694	8
8695	2
8696	15
8697	1
8700	15
8701	4
8703	1
8704	10
8705	2
8706	4
8708	13
8709	1
8712	20
8715	1
8716	3
8718	2
8720	22
8722	5
8724	6
8725	3
8728	13
8729	1
8730	5
8732	3
8735	3
8736	17
8740	7
8742	5
8743	2
8744	10
8745	1
8748	12
8750	6
8752	11
8754	3
8755	1
8756	3
8757	2
8760	25
8762	1
8764	3
8765	1
8766	3
8768	7
8769	1
8770	2
8771	1
8772	7
8775	4
8776	6
8778	10
8780	7
8781	1
8784	7
8785	3
8788	2
8790	7
8792	7
8793	1
8795	1
8796	7
8799	1
8800	28
8802	1
8804	1
8806	8
8808	8
8810	5
8811	1
8812	3
8813	2
8816	6
8820	16
8824	10
8825	2
8827	2
8828	1
8830	3
8832	13
8834	5
8835	3
8836	3
8838	2
8840	7
8841	2
8844	7
8846	1
8848	14
8850	4
8852	1
8853	1
8855	1
8856	6
8860	2
8862	6
8864	7
8865	3
8869	1
8870	2
8872	3
8874	3
8875	1
8876	8
8880	8
8884	1
8885	2
8886	1
8888	4
8889	2
8890	7
8892	4
8895	1
8896	3
8897	1
8898	2
8900	5
8901	1
8904	15
8908	1
8910	2
8912	8
8913	1
8916	4
8918	2
8920	7
8922	1
8925	2
8928	7
8930	2
8932	3
8934	1
8935	2
8936	5
8939	3
8940	9
8944	6
8945	2
8946	4
8950	3
8952	9
8953	1
8955	2
8956	2
8958	3
8960	63
8961	1
8964	2
8968	3
8970	1
8972	1
8974	3
8975	2
8976	7
8980	3
8981	3
8982	1
8984	7
8988	8
8990	2
8991	1
8992	4
8994	3
8995	4
9000	77
9002	7
9004	2
9005	1
9006	1
9008	4
9009	1
9010	1
9012	3
9015	9
9016	26
9020	10
9023	2
9024	8
9026	1
9028	2
9030	9
9032	2
9035	5
9036	3
9037	2
9040	14
9042	3
9044	10
9045	2
9048	4
9050	10
9051	3
9052	2
9054	1
9055	1
9056	5
9057	1
9058	3
9060	10
9064	1
9065	5
9066	3
9068	3
9070	13
9072	23
9075	2
9076	1
9078	3
9079	1
9080	14
9081	2
9084	4
9086	7
9088	5
9090	8
9092	1
9093	1
9095	1
9096	9
9099	1
9100	22
9104	1
9105	1
9108	1
9110	2
9112	1
9114	4
9115	4
9116	2
9120	28
9121	2
9128	12
9130	8
9132	1
9135	4
9136	4
9138	2
9140	8
9142	5
9144	4
9148	1
9150	5
9152	4
9155	4
9156	3
9160	13
9162	1
9164	2
9165	1
9168	5
9170	7
9171	2
9174	2
9175	4
9176	2
9177	1
9180	8
9184	10
9185	2
9188	1
9189	1
9191	2
9192	6
9195	3
9196	1
9198	7
9200	19
9204	1
9205	3
9207	1
9208	1
9210	5
9212	6
9213	1
9215	3
9216	7
9220	8
9222	1
9224	2
9225	3
9226	2
9228	3
9230	4
9232	4
9235	2
9236	1
9240	18
9245	1
9246	1
9247	4
9248	3
9250	6
9252	2
9254	3
9255	1
9260	7
9264	5
9268	5
9270	3
9272	1
9275	1
9276	3
9280	14
9282	3
9285	1
9288	1
9289	1
9290	5
9295	1
9296	10
9297	1
9300	8
9304	3
9310	9
9312	2
9317	2
9320	4
9324	4
9325	2
9328	3
9330	3
9331	2
9336	5
9338	2
9340	5
9344	2
9345	2
9348	1
9350	2
9352	6
9355	2
9360	10
9365	2
9366	3
9368	2
9370	1
9372	1
9373	3
9375	1
9376	2
9380	1
9384	3
9385	2
9388	2
9390	5
9392	2
9394	5
9396	1
9399	1
9400	13
9402	2
9404	1
9405	1
9408	8
9410	3
9412	2
9415	3
9416	1
9420	6
9422	3
9425	3
9428	1
9429	2
9430	4
9432	6
9435	2
9438	1
9440	8
9443	1
9444	2
9445	1
9450	20
9452	2
9456	4
9457	1
9460	2
9464	6
9465	2
9468	1
9470	5
9471	4
9472	3
9475	1
9478	10
9480	6
9484	1
9485	2
9488	3
9492	5
9495	2
9496	3
9499	2
9500	1
9504	5
9506	7
9510	1
9512	1
9516	1
9520	11
9525	1
9527	2
9528	2
9530	2
9532	1
9534	8
9536	2
9540	2
9541	1
9552	1
9555	3
9560	5
9561	1
9562	5
9565	1
9568	2
9569	1
9570	2
9576	3
9580	2
9588	1
9590	7
9595	1
9597	1
9600	179
9603	1
9604	5
9605	1
9606	8
9608	8
9610	6
9612	18
9615	7
9616	27
9618	2
9620	24
9624	21
9626	2
9628	3
9630	13
9632	24
9633	1
9635	5
9636	9
9640	36
9642	2
9644	2
9645	1
9646	4
9648	20
9650	13
9651	1
9652	1
9653	1
9654	3
9655	3
9656	6
9657	2
9660	26
9664	19
9666	5
9668	1
9670	24
9672	16
9674	3
9675	6
9676	4
9678	5
9680	32
9684	4
9685	3
9688	11
9690	15
9695	3
9696	14
9700	17
9702	1
9704	5
9705	3
9708	2
9709	3
9710	14
9712	11
9714	1
9715	4
9716	2
9720	32
9723	1
9724	2
9725	1
9726	1
9728	15
9729	2
9730	5
9732	6
9735	4
9736	4
9737	1
9738	4
9740	11
9741	1
9744	23
9748	3
9750	11
9752	3
9753	1
9755	2
9756	4
9758	2
9760	26
9762	3
9764	2
9765	5
9768	8
9770	7
9772	3
9774	2
9775	4
9776	10
9777	1
9779	1
9780	14
9783	2
9784	2
9785	3
9786	4
9788	2
9790	3
9792	15
9795	4
9796	1
9798	3
9800	16
9801	1
9804	5
9805	2
9807	1
9808	8
9810	9
9812	1
9813	2
9814	5
9815	1
9816	6
9819	3
9820	2
9822	2
9824	7
9825	1
9828	7
9830	5
9831	3
9832	4
9834	1
9835	3
9836	3
9840	24
9842	2
9843	1
9844	1
9845	2
9846	1
9848	5
9849	2
9850	7
9852	8
9855	1
9856	9
9858	1
9860	10
9863	1
9864	6
9865	1
9870	10
9872	3
9873	1
9875	3
9876	1
9879	3
9880	10
9882	1
9884	6
9888	8
9890	8
9891	3
9894	5
9895	2
9896	1
9897	1
9898	3
9900	13
9903	1
9904	5
9905	3
9906	3
9908	1
9909	2
9910	5
9912	3
9916	3
9918	3
9920	19
9924	2
9925	1
9928	4
9930	3
9932	1
9936	4
9940	7
9942	2
9944	6
9945	5
9948	7
9950	2
9952	3
9954	2
9955	1
9956	2
9960	13
9963	1
9965	1
9968	7
9969	1
9970	1
9972	3
9975	3
9976	2
9978	1
9980	5
9982	2
9984	6
9985	2
9989	1
9990	4
9992	1
9996	4
10000	9
10004	2
10008	6
10010	6
10011	1
10012	3
10014	2
10015	1
10016	6
10017	1
10020	4
10024	3
10026	1
10028	1
10030	3
10032	3
10038	5
10040	6
10041	1
10044	1
10045	2
10050	7
10052	2
10056	5
10059	1
10060	3
10062	1
10064	2
10066	1
10068	2
10070	4
10073	1
10074	1
10075	1
10080	37
10084	3
10085	1
10092	4
10094	2
10095	4
10096	4
10100	3
10101	2
10104	2
10105	1
10108	9
10110	7
10112	2
10115	2
10116	1
10120	4
10122	10
10124	2
10125	11
10128	3
10129	2
10130	1
10132	2
10134	1
10136	11
10137	1
10140	4
10144	2
10145	1
10148	2
10150	7
10152	1
10158	2
10160	6
10161	1
10164	5
10165	1
10168	3
10170	2
10171	1
10172	1
10173	1
10176	3
10178	3
10180	3
10184	3
10185	5
10188	3
10190	1
10191	1
10192	6
10195	2
10196	1
10199	1
10200	10
10204	1
10205	1
10206	1
10208	3
10209	1
10213	2
10215	2
10216	1
10218	1
10220	14
10224	3
10225	1
10227	1
10230	1
10232	1
10234	10
10236	3
10240	29
10241	1
10242	1
10245	4
10246	1
10248	16
10250	4
10252	1
10255	1
10256	9
10260	5
10262	5
10264	2
10265	1
10266	2
10268	1
10270	2
10272	9
10275	2
10276	5
10278	1
10280	3
10283	1
10284	3
10285	3
10288	4
10290	6
10292	2
10295	2
10296	5
10300	5
10304	14
10305	1
10308	1
10310	1
10311	3
10312	2
10318	2
10320	9
10325	2
10328	9
10329	1
10332	2
10336	5
10338	1
10339	1
10340	1
10344	5
10345	1
10346	4
10348	2
10350	3
10352	5
10356	2
10359	2
10360	15
10362	1
10365	1
10367	2
10368	8
10374	3
10375	1
10376	5
10380	1
10381	1
10384	2
10390	5
10392	2
10395	1
10396	1
10400	8
10402	3
10408	3
10410	2
10412	1
10415	1
10416	6
10420	1
10423	1
10424	2
10430	7
10432	1
10434	1
10435	1
10437	2
10440	12
10444	4
10445	1
10448	1
10452	2
10455	1
10458	6
10460	2
10464	3
10465	1
10470	1
10472	6
10476	2
10480	8
10484	2
10486	5
10488	3
10490	2
10491	1
10493	1
10494	2
10496	1
10500	7
10504	1
10507	1
10510	3
10512	4
10514	2
10516	1
10520	2
10521	3
10524	2
10528	4
10530	1
10536	1
10540	3
10542	1
10548	2
10552	1
10555	1
10556	2
10557	1
10560	8
10563	2
10564	1
10566	1
10568	2
10569	1
10570	5
10572	4
10576	2
10577	2
10580	3
10584	9
10585	4
10588	1
10590	3
10591	1
10595	1
10598	2
10600	10
10604	2
10608	5
10612	5
10614	1
10615	1
10616	2
10620	3
10624	2
10626	1
10630	2
10632	3
10640	11
10645	2
10647	1
10648	2
10652	1
10654	2
10656	3
10661	1
10664	1
10665	1
10668	3
10670	1
10680	3
10682	1
10684	1
10692	1
10696	5
10700	2
10703	1
10704	1
10710	1
10712	2
10717	1
10720	11
10724	3
10731	1
10736	1
10738	4
10740	3
10744	1
10745	2
10752	5
10758	1
10760	1
10764	1
10765	2
10766	1
10768	1
10770	1
10772	1
10773	1
10776	2
10780	4
10782	1
10785	2
10787	2
10788	1
10790	1
10792	4
10794	2
10800	85
10801	1
10808	7
10809	3
10810	2
10812	6
10815	4
10816	9
10818	3
10820	9
10821	1
10822	1
10824	9
10828	5
10830	5
10832	3
10835	2
10836	6
10840	13
10842	6
10843	2
10844	2
10845	1
10848	7
10850	8
10851	1
10856	6
10857	1
10860	17
10864	8
10865	1
10866	1
10868	1
10870	2
10871	1
10872	8
10875	3
10876	1
10878	5
10880	14
10881	3
10884	2
10885	1
10888	7
10890	5
10892	1
10893	1
10894	1
10895	2
10896	16
10899	1
10900	4
10904	3
10906	2
10908	1
10910	6
10912	5
10914	3
10917	2
10920	18
10924	1
10925	1
10926	1
10928	4
10930	6
10932	4
10934	2
10935	3
10936	3
10938	2
10940	10
10944	6
10947	3
10950	7
10952	3
10955	3
10956	4
10960	11
10965	2
10968	2
10970	3
10972	1
10974	1
10976	8
10980	11
10983	1
10984	3
10985	1
10986	1
10988	1
10989	2
10990	2
10992	7
10995	1
10996	3
11000	11
11004	1
11007	1
11010	2
11011	1
11012	2
11016	1
11018	2
11020	11
11024	3
11025	1
11028	2
11030	3
11032	1
11036	2
11040	11
11044	3
11045	1
11046	2
11048	1
11050	3
11052	1
11053	1
11055	2
11056	3
11060	4
11064	8
11065	2
11070	3
11072	6
11074	2
11076	1
11080	3
11082	2
11084	1
11085	2
11088	10
11090	1
11095	1
11096	1
11097	1
11100	9
11104	3
11106	1
11109	1
11110	1
11112	4
11115	2
11116	1
11118	1
11120	7
11122	1
11124	1
11125	1
11128	3
11130	4
11135	2
11136	6
11140	1
11142	1
11144	2
11150	1
11151	1
11152	3
11158	5
11160	6
11168	2
11170	2
11172	3
11176	3
11180	1
11184	6
11188	1
11190	1
11192	1
11196	1
11199	1
11200	56
11202	1
11208	4
11210	1
11212	1
11214	3
11215	1
11216	4
11220	2
11221	1
11223	1
11224	1
11226	1
11228	9
11232	5
11235	1
11236	1
11238	1
11240	4
11242	2
11244	2
11249	2
11250	8
11252	3
11255	1
11256	8
11260	2
11262	1
11263	1
11264	1
11265	1
11268	2
11270	3
11274	2
11280	7
11284	3
11288	1
11290	3
11291	1
11292	2
11296	2
11298	4
11300	2
11304	1
11310	2
11312	8
11313	1
11315	1
11316	1
11319	2
11320	8
11322	1
11324	1
11325	1
11326	2
11328	2
11330	7
11335	3
11336	3
11340	13
11344	5
11347	1
11348	1
11350	5
11352	2
11354	3
11360	1
11361	4
11364	1
11368	14
11376	2
11380	3
11382	1
11385	3
11388	1
11389	1
11390	1
11392	3
11394	1
11396	3
11397	1
11400	7
11403	2
11404	1
11408	1
11410	3
11412	1
11415	1
11417	2
11420	1
11424	7
11430	2
11431	1
11438	6
11440	2
11442	1
11445	2
11450	2
11452	5
11456	2
11459	2
11460	2
11466	1
11470	2
11472	1
11476	1
11480	7
11484	1
11485	2
11488	2
11490	3
11492	1
11494	3
11496	1
11500	1
11501	3
11504	1
11505	1
11508	6
11510	3
11515	3
11516	1
11520	31
11522	1
11526	1
11528	4
11529	1
11530	1
11532	11
11535	1
11536	10
11538	1
11540	3
11541	4
11543	1
11544	12
11548	3
11550	5
11552	7
11556	4
11559	1
11560	4
11562	7
11564	1
11565	1
11568	10
11571	1
11572	2
11574	4
11575	1
11576	6
11577	1
11578	1
11580	6
11584	7
11586	4
11588	2
11589	1
11590	4
11592	12
11596	1
11598	3
11600	11
11601	1
11604	5
11606	3
11608	3
11610	3
11612	1
11616	9
11619	1
11620	9
11622	1
11624	1
11628	5
11630	1
11632	4
11634	3
11636	1
11637	1
11640	6
11644	4
11648	6
11650	2
11652	6
11655	1
11656	2
11660	2
11662	1
11664	8
11667	1
11669	1
11670	2
11672	4
11676	3
11680	5
11682	2
11684	1
11688	4
11690	5
11692	2
11696	4
11700	4
11704	11
11711	2
11712	5
11716	1
11718	7
11720	4
11724	3
11728	2
11730	2
11732	1
11735	2
11736	1
11739	1
11740	3
11742	1
11744	2
11745	2
11746	1
11748	1
11751	1
11752	3
11757	1
11760	7
11766	1
11767	1
11768	2
11769	1
11770	1
11772	1
11774	1
11776	3
11778	1
11784	4
11788	2
11790	3
11792	2
11796	1
11800	4
11804	1
11805	1
11808	1
11809	2
11810	1
11812	1
11815	2
11816	6
11820	5
11823	2
11824	2
11825	1
11826	1
11830	5
11836	1
11838	1
11840	10
11844	1
11848	1
11852	1
11856	2
11858	2
11860	1
11862	1
11868	1
11870	1
11872	5
11880	6
11885	1
11886	4
11888	5
11890	1
11892	2
11893	2
11900	4
11904	3
11907	2
11910	1
11914	2
11920	4
11921	1
11928	1
11930	3
11940	1
11944	1
11945	1
11948	2
11950	1
11952	1
11956	1
11960	2
11964	1
11968	2
11970	1
11976	1
11980	1
11984	3
11988	1
11992	1
11996	1
11997	1
11998	1
12000	60
12006	1
12008	1
12010	5
12012	3
12015	1
12020	11
12024	3
12025	1
12028	1
12030	7
12032	2
12036	1
12040	13
12045	1
12048	2
12050	4
12052	1
12054	2
12055	4
12056	4
12060	5
12061	1
12064	1
12065	2
12068	3
12070	2
12072	2
12075	1
12076	2
12080	3
12082	1
12084	1
12090	2
12094	1
12095	1
12096	6
12100	6
12102	1
12103	1
12104	2
12110	5
12112	2
12115	1
12117	1
12120	7
12124	1
12125	1
12128	3
12135	1
12140	2
12144	2
12150	6
12152	2
12159	1
12160	10
12166	1
12170	1
12174	1
12175	2
12176	2
12180	7
12187	1
12190	1
12192	2
12194	2
12195	1
12196	1
12198	1
12200	6
12204	2
12205	1
12210	2
12216	2
12220	2
12222	3
12224	2
12225	1
12228	2
12230	2
12236	1
12240	4
12246	1
12248	2
12249	1
12250	6
12252	1
12255	2
12256	1
12258	1
12260	1
12261	1
12264	5
12270	3
12271	1
12272	1
12276	1
12278	1
12280	4
12282	1
12285	1
12288	2
12292	4
12296	2
12297	1
12302	1
12304	1
12305	1
12310	1
12312	1
12315	1
12320	8
12330	1
12336	1
12340	1
12341	1
12345	1
12348	2
12350	1
12352	1
12356	1
12360	3
12362	2
12365	2
12366	1
12368	2
12380	2
12384	3
12385	1
12390	5
12395	1
12397	1
12400	4
12405	1
12408	1
12410	1
12414	1
12415	2
12420	4
12425	1
12430	1
12432	7
12436	1
12440	3
12446	1
12448	1
12450	2
12452	1
12455	1
12460	4
12464	1
12465	2
12470	1
12472	1
12480	1
12488	1
12492	1
12498	1
12500	2
12501	1
12508	1
12512	1
12516	1
12520	1
12528	1
12530	2
12534	1
12535	1
12540	2
12545	2
12558	1
12560	1
12565	2
12570	1
12576	1
12585	1
12590	1
12592	1
12593	1
12597	1
12600	9
12602	1
12608	2
12610	1
12614	1
12621	4
12624	2
12635	1
12636	1
12640	4
12642	5
12645	1
12648	1
12650	1
12654	2
12656	5
12660	2
12663	1
12669	1
12670	1
12676	1
12677	4
12680	5
12684	4
12690	1
12691	1
12698	3
12704	1
12705	1
12708	2
12710	1
12712	4
12719	1
12720	3
12725	1
12730	2
12733	1
12736	1
12740	5
12744	1
12750	2
12754	3
12760	4
12768	6
12780	1
12782	4
12784	1
12795	1
12796	3
12798	2
12800	61
12801	1
12803	1
12804	1
12808	5
12810	6
12812	1
12815	2
12816	9
12817	2
12820	8
12824	8
12828	4
12830	2
12831	1
12832	10
12835	1
12840	7
12844	1
12848	10
12850	1
12856	5
12860	2
12864	7
12865	1
12870	4
12872	3
12880	7
12887	1
12888	3
12890	3
12892	1
12894	1
12895	1
12896	4
12897	1
12900	5
12901	2
12904	2
12906	1
12908	2
12912	1
12916	1
12920	7
12922	3
12924	1
12928	6
12930	2
12932	1
12936	3
12940	5
12943	1
12944	2
12948	1
12950	4
12952	3
12955	1
12956	1
12960	14
12964	1
12968	2
12969	2
12970	2
12972	5
12976	7
12980	2
12984	7
12985	1
12988	2
12990	2
12992	2
12993	1
12996	1
13000	5
13004	2
13008	10
13010	1
13012	2
13014	2
13015	1
13016	3
13020	4
13024	2
13026	1
13027	1
13028	1
13030	2
13032	3
13035	2
13036	2
13038	2
13040	12
13041	1
13048	4
13050	3
13052	2
13055	2
13056	5
13058	1
13060	1
13062	3
13064	1
13068	3
13071	1
13072	4
13074	2
13076	3
13080	8
13083	2
13088	5
13092	3
13094	1
13095	1
13096	2
13100	2
13104	4
13107	1
13110	2
13112	3
13115	1
13116	1
13118	1
13120	5
13124	2
13125	1
13128	3
13132	4
13134	1
13136	7
13140	2
13142	1
13144	1
13145	1
13146	1
13148	3
13150	1
13152	7
13160	5
13164	2
13168	5
13170	1
13172	1
13173	1
13176	3
13180	1
13181	1
13184	2
13188	1
13192	3
13196	1
13200	6
13206	1
13208	2
13212	2
13216	3
13220	3
13224	2
13228	1
13232	2
13239	1
13240	2
13242	1
13244	1
13245	1
13248	4
13250	1
13251	1
13256	2
13260	2
13264	1
13265	1
13270	1
13272	3
13278	1
13279	1
13280	3
13286	2
13287	1
13288	2
13290	1
13293	1
13296	1
13300	3
13304	1
13308	3
13310	1
13312	4
13314	2
13320	1
13324	1
13328	10
13330	1
13340	1
13344	2
13349	1
13350	2
13353	1
13356	1
13360	1
13362	1
13364	1
13372	1
13374	1
13380	1
13384	2
13385	1
13392	1
13398	2
13400	2
13404	1
13405	2
13408	1
13410	1
13412	1
13416	1
13424	1
13432	2
13433	1
13435	1
13440	34
13448	3
13452	1
13454	2
13456	1
13460	1
13461	2
13464	1
13465	2
13468	4
13476	1
13480	1
13482	6
13488	1
13490	1
13496	13
13500	25
13510	7
13515	2
13516	1
13517	2
13520	4
13524	11
13528	2
13530	2
13531	1
13536	1
13538	2
13540	4
13545	1
13548	1
13550	6
13552	7
13559	3
13560	3
13566	5
13570	4
13572	1
13573	1
13578	1
13580	9
13584	1
13585	2
13587	2
13590	3
13594	8
13596	1
13600	3
13605	3
13608	6
13615	3
13616	1
13620	3
13622	3
13624	1
13626	1
13628	1
13629	3
13630	1
13632	2
13635	1
13636	3
13640	4
13644	1
13650	8
13655	1
13657	1
13660	5
13662	1
13664	5
13668	3
13670	2
13678	1
13680	3
13684	1
13688	1
13690	2
13692	5
13695	1
13700	3
13705	1
13706	4
13720	7
13725	1
13728	1
13730	1
13732	2
13734	3
13740	4
13748	2
13749	1
13750	1
13752	1
13758	1
13760	4
13762	1
13764	2
13768	1
13769	1
13770	3
13775	2
13776	3
13780	1
13783	1
13790	3
13797	2
13800	2
13804	2
13810	3
13818	2
13820	3
13824	1
13825	2
13828	2
13830	2
13832	2
13840	3
13845	1
13846	2
13848	1
13855	2
13856	1
13860	6
13872	1
13874	1
13880	2
13888	3
13895	1
13900	4
13908	1
13910	1
13916	1
13920	3
13925	1
13926	1
13930	2
13936	1
13940	1
13945	1
13948	1
13950	1
13952	3
13953	1
13956	1
13960	1
13965	1
13968	1
13970	1
13972	1
13974	1
13976	1
13979	1
13980	1
13984	1
13986	1
13992	1
13995	1
14000	3
14008	1
14010	1
14012	1
14014	2
14015	1
14020	3
14025	1
14028	1
14030	1
14032	2
14040	4
14042	2
14052	1
14056	2
14060	1
14061	1
14065	1
14070	3
14077	1
14080	2
14084	1
14090	1
14098	1
14100	5
14105	1
14110	1
14112	1
14120	4
14126	1
14128	1
14140	4
14142	1
14144	1
14160	3
14161	1
14164	1
14168	6
14172	1
14175	2
14176	1
14188	2
14196	1
14200	1
14208	1
14220	5
14224	3
14228	1
14230	1
14231	1
14232	1
14238	2
14240	3
14241	1
14244	1
14252	3
14260	1
14264	1
14265	1
14270	1
14272	1
14273	1
14280	4
14288	1
14290	2
14295	1
14300	1
14301	1
14304	1
14305	1
14312	4
14316	1
14320	3
14322	2
14324	1
14329	2
14336	2
14345	1
14350	5
14352	1
14357	2
14364	3
14371	1
14378	1
14390	1
14396	1
14399	1
14400	46
14403	1
14406	1
14409	1
14412	2
14416	4
14418	1
14420	6
14424	9
14427	2
14430	1
14432	5
14433	1
14436	5
14439	1
14440	8
14442	1
14445	1
14448	6
14450	1
14452	1
14455	2
14456	1
14460	6
14462	3
14464	6
14466	1
14469	2
14470	1
14472	4
14475	4
14476	2
14480	10
14482	1
14483	1
14484	1
14485	1
14488	2
14490	2
14492	1
14496	4
14497	1
14500	3
14504	2
14505	2
14506	1
14510	2
14512	2
14515	1
14518	1
14520	6
14524	1
14525	1
14526	1
14528	1
14530	3
14532	2
14535	2
14536	1
14539	1
14540	2
14544	3
14548	1
14550	1
14555	1
14556	1
14560	7
14568	4
14574	2
14580	5
14583	1
14585	1
14589	1
14590	2
14592	2
14600	2
14602	1
14604	1
14608	2
14609	1
14616	6
14620	1
14624	1
14625	1
14630	1
14632	1
14634	2
14636	1
14640	5
14648	1
14650	3
14652	1
14656	2
14658	2
14660	1
14661	1
14664	1
14667	1
14668	1
14670	2
14672	2
14680	4
14688	3
14694	1
14696	2
14700	1
14704	1
14716	1
14720	6
14721	1
14724	1
14725	1
14728	4
14732	2
14735	1
14736	2
14740	2
14742	1
14744	1
14748	1
14750	1
14751	1
14756	2
14760	2
14768	1
14770	2
14775	2
14780	2
14784	5
14790	1
14792	2
14796	1
14800	4
14804	1
14808	1
14812	2
14816	1
14824	1
14825	1
14830	1
14840	5
14844	1
14847	1
14850	1
14854	1
14855	1
14860	3
14868	2
14870	2
14875	1
14880	7
14888	1
14889	1
14896	2
14904	3
14912	3
14913	1
14916	3
14920	1
14928	5
14930	2
14932	1
14934	1
14940	1
14944	1
14945	1
14948	1
14956	2
14960	3
14970	1
14976	1
14984	1
14994	1
15000	1
15008	3
15009	1
15016	1
15022	2
15024	1
15025	1
15040	2
15043	1
15045	1
15050	2
15056	1
15060	1
15070	2
15078	2
15080	2
15084	1
15085	1
15090	2
15096	2
15104	2
15108	1
15110	1
15112	1
15120	13
15130	1
15132	1
15135	1
15136	1
15138	1
15141	1
15144	1
15148	3
15160	1
15162	1
15168	2
15169	1
15175	1
15176	4
15190	2
15195	2
15197	1
15200	3
15204	1
15208	1
15211	2
15216	1
15218	3
15220	2
15224	1
15225	1
15228	1
15232	1
15234	1
15235	1
15240	1
15252	1
15253	1
15260	2
15267	1
15270	3
15272	1
15274	3
15281	1
15288	1
15295	1
15302	2
15303	1
15309	1
15310	1
15316	1
15323	1
15328	2
15330	2
15337	1
15344	1
15358	2
15360	8
15368	1
15372	2
15376	7
15380	1
15384	1
15388	4
15392	12
15395	1
15396	1
15400	8
15404	1
15408	1
15410	1
15411	1
15412	1
15416	5
15420	3
15421	1
15424	4
15428	5
15430	1
15432	1
15436	1
15440	5
15448	2
15452	3
15456	4
15460	1
15464	6
15470	1
15472	3
15476	1
15480	1
15484	1
15490	1
15495	1
15500	1
15504	1
15508	1
15512	3
15516	1
15520	5
15528	3
15540	2
15544	1
15552	3
15556	1
15560	2
15561	1
15565	1
15568	1
15582	1
15592	2
15595	1
15596	1
15600	1
15604	1
15608	1
15610	1
15615	1
15616	3
15620	1
15624	1
15632	2
15638	1
15640	1
15648	2
15652	1
15659	1
15660	1
15664	2
15666	1
15670	1
15672	1
15673	1
15680	3
15687	2
15700	2
15701	1
15704	2
15720	2
15722	2
15724	1
15726	1
15730	1
15736	1
15744	1
15748	1
15750	4
15764	2
15776	1
15788	1
15792	3
15804	1
15805	1
15806	2
15810	1
15813	1
15824	1
15837	1
15840	2
15844	1
15848	3
15856	1
15864	1
15868	2
15875	1
15883	1
15888	1
15890	1
15910	1
15920	1
15925	1
15928	1
15932	1
15935	1
15936	2
15957	1
15960	3
15967	1
15980	3
16000	21
16010	1
16020	7
16030	2
16032	1
16035	1
16040	4
16044	2
16045	2
16048	2
16055	1
16056	1
16058	1
16060	3
16070	1
16075	1
16080	6
16090	2
16095	1
16100	3
16104	2
16110	2
16112	1
16114	1
16115	1
16120	2
16124	1
16125	2
16128	2
16136	3
16140	2
16144	1
16150	1
16160	3
16170	2
16175	1
16176	1
16180	2
16184	1
16185	1
16198	2
16200	14
16210	1
16212	1
16215	2
16216	2
16220	3
16224	3
16225	1
16227	1
16230	3
16232	2
16236	5
16240	10
16248	1
16250	3
16254	1
16256	2
16260	5
16265	1
16268	3
16270	1
16272	1
16275	2
16276	1
16280	4
16284	1
16285	1
16289	1
16290	2
16295	1
16296	2
16299	1
16300	5
16302	1
16304	1
16308	1
16310	1
16315	1
16316	1
16320	2
16324	1
16330	4
16332	1
16340	1
16344	1
16350	3
16352	2
16356	2
16360	2
16362	1
16368	1
16370	1
16377	1
16380	5
16390	1
16392	1
16394	2
16396	2
16400	7
16401	1
16405	1
16416	1
16420	4
16430	2
16435	1
16436	1
16440	3
16450	4
16452	2
16460	2
16464	3
16465	1
16467	1
16476	1
16478	1
16480	2
16485	1
16488	3
16490	1
16491	1
16495	1
16496	2
16500	3
16504	2
16505	1
16515	1
16520	4
16527	1
16528	1
16530	1
16542	2
16544	2
16552	1
16560	3
16562	2
16580	1
16584	2
16595	1
16600	5
16602	1
16610	2
16620	2
16629	1
16630	2
16632	1
16640	1
16648	2
16650	2
16656	1
16660	2
16664	1
16670	1
16674	1
16680	2
16688	1
16692	1
16704	1
16709	1
16720	1
16730	1
16735	1
16776	1
16780	1
16784	1
16786	1
16788	1
16792	1
16800	20
16814	2
16815	2
16824	1
16828	3
16835	2
16840	2
16842	2
16848	1
16850	1
16852	1
16856	7
16860	1
16870	2
16875	3
16877	1
16880	1
16884	3
16885	1
16900	1
16912	1
16924	1
16926	1
16933	1
16936	1
16940	3
16954	1
16961	1
16964	1
16965	1
16975	2
16976	1
16990	1
16992	1
16996	3
17020	1
17024	2
17038	1
17040	1
17045	1
17052	1
17060	2
17065	1
17066	1
17080	1
17100	1
17104	1
17108	5
17110	1
17125	1
17128	1
17136	3
17145	1
17150	1
17160	1
17176	1
17180	1
17192	1
17200	3
17206	1
17220	3
17224	1
17240	1
17248	1
17260	1
17262	1
17270	1
17274	1
17280	12
17288	1
17290	1
17296	1
17297	1
17300	1
17304	2
17305	1
17312	2
17316	1
17318	1
17320	1
17322	1
17328	4
17332	2
17336	3
17340	1
17349	1
17352	2
17353	1
17355	1
17360	1
17367	1
17368	3
17376	2
17384	1
17385	1
17388	1
17392	1
17400	2
17404	1
17406	1
17412	2
17416	1
17418	3
17428	1
17432	2
17437	1
17440	1
17442	2
17444	1
17451	1
17456	2
17458	1
17466	1
17468	1
17470	1
17472	1
17478	1
17480	1
17486	1
17488	1
17500	2
17504	1
17505	1
17510	1
17520	1
17532	1
17536	1
17549	1
17550	1
17552	1
17556	1
17560	3
17562	1
17568	2
17580	1
17584	1
17592	1
17600	3
17608	1
17610	1
17616	1
17624	1
17634	1
17640	3
17654	1
17664	1
17668	1
17670	1
17672	2
17680	1
17682	2
17688	1
17692	1
17700	2
17704	2
17716	1
17724	1
17735	1
17740	1
17744	1
17752	1
17760	3
17776	1
17784	1
17800	3
17808	1
17812	1
17824	2
17826	1
17830	1
17847	1
17848	1
17860	1
17870	1
17878	1
17883	1
17896	1
17908	1
17910	1
17920	4
17934	3
17941	1
17952	1
17962	1
17965	1
17972	1
17976	4
17990	1
18000	13
18004	1
18012	1
18024	3
18030	1
18032	1
18040	2
18044	1
18050	1
18052	1
18060	2
18070	3
18074	1
18076	1
18080	2
18090	1
18094	1
18096	2
18100	1
18108	1
18110	1
18112	3
18116	1
18120	1
18128	1
18130	4
18136	1
18137	1
18140	2
18144	1
18145	1
18158	1
18160	5
18170	1
18175	1
18176	1
18184	1
18185	1
18190	1
18200	2
18230	1
18235	1
18240	1
18245	1
18250	2
18270	2
18296	1
18298	2
18300	1
18336	1
18361	1
18370	1
18372	1
18382	1
18392	1
18396	1
18400	3
18417	1
18440	1
18460	2
18480	5
18485	1
18500	2
18504	1
18508	1
18510	2
18512	1
18515	1
18520	2
18522	2
18530	1
18536	1
18540	2
18560	1
18571	1
18575	1
18585	1
18592	2
18610	1
18612	2
18620	2
18636	1
18640	1
18648	1
18660	1
18680	2
18690	2
18700	1
18704	1
18710	1
18718	1
18720	1
18732	1
18735	1
18760	1
18774	1
18780	2
18781	1
18805	1
18810	1
18816	1
18830	1
18837	1
18844	1
18860	1
18880	3
18886	1
18896	2
18900	5
18920	1
18921	1
18928	2
18940	1
18954	1
18956	1
18960	1
18984	1
18992	1
19005	1
19008	1
19020	1
19030	1
19040	2
19050	2
19080	1
19082	1
19100	1
19103	1
19108	1
19120	1
19124	1
19125	1
19145	1
19164	1
19180	1
19187	1
19194	1
19196	1
19197	1
19200	23
19208	2
19212	4
19215	1
19216	1
19220	6
19222	2
19224	2
19230	2
19232	1
19236	2
19240	6
19245	1
19248	1
19254	1
19255	1
19260	1
19264	2
19270	2
19272	2
19274	1
19276	1
19280	4
19288	1
19295	1
19296	3
19300	3
19304	1
19305	1
19306	1
19312	1
19320	3
19328	5
19330	1
19332	1
19340	2
19344	1
19350	5
19352	1
19360	1
19368	2
19370	1
19376	2
19380	4
19390	2
19400	1
19404	2
19410	3
19424	1
19428	1
19432	1
19440	3
19446	1
19448	1
19452	1
19456	2
19458	1
19460	3
19464	1
19465	1
19480	1
19488	3
19497	1
19509	1
19520	2
19528	1
19539	1
19540	2
19542	1
19548	1
19556	1
19564	1
19566	1
19568	1
19569	1
19572	1
19592	2
19600	2
19610	1
19616	1
19620	1
19632	1
19640	1
19644	1
19649	1
19668	1
19671	1
19680	2
19685	1
19691	1
19712	1
19720	1
19728	1
19736	1
19740	2
19750	1
19780	1
19782	1
19800	1
19812	1
19824	1
19848	1
19860	1
19875	1
19878	1
19880	1
19890	2
19910	1
19920	1
19922	1
19928	1
19934	1
19952	1
19980	1
20000	1
20016	1
20040	1
20062	1
20076	1
20118	2
20132	1
20136	1
20150	1
20160	6
20174	1
20181	1
20184	1
20192	1
20200	1
20202	1
20216	2
20235	1
20244	1
20250	4
20251	1
20256	1
20258	1
20272	1
20280	1
20290	1
20300	1
20316	1
20322	1
20328	1
20340	3
20342	1
20349	1
20358	1
20365	1
20368	1
20370	1
20382	1
20384	2
20391	2
20404	1
20430	1
20440	2
20442	1
20450	2
20454	1
20461	1
20490	2
20496	1
20524	1
20538	1
20556	1
20565	1
20575	1
20587	1
20590	1
20615	1
20634	1
20660	1
20676	1
20680	1
20705	1
20715	1
20720	1
20727	1
20736	1
20740	2
20755	1
20756	1
20772	1
20855	1
20874	2
20888	2
20896	1
20920	1
20930	1
20997	1
21000	1
21018	1
21040	1
21077	1
21090	1
21095	1
21108	1
21140	1
21168	2
21175	1
21210	1
21232	1
21238	1
21256	1
21268	1
21280	1
21290	1
21376	1
21385	1
21392	1
21399	1
21400	1
21410	1
21450	1
21484	1
21512	1
21553	1
21560	1
21600	11
21608	1
21615	1
21616	1
21620	2
21624	1
21628	1
21630	1
21632	3
21650	1
21655	1
21656	2
21664	2
21672	2
21675	1
21676	1
21680	4
21688	1
21692	1
21699	1
21700	2
21704	1
21708	2
21710	1
21720	2
21728	2
21730	1
21736	1
21740	2
21742	1
21744	2
21750	2
21756	1
21760	6
21765	1
21768	1
21776	1
21780	1
21790	1
21796	1
21800	1
21808	1
21812	1
21820	2
21822	1
21835	1
21840	1
21856	2
21860	2
21870	1
21875	1
21885	1
21892	1
21912	1
21920	1
21936	1
21960	1
21996	1
22000	3
22020	1
22026	1
22064	1
22080	2
22088	3
22104	2
22110	1
22120	1
22130	1
22169	1
22192	1
22224	1
22236	1
22245	1
22248	1
22250	1
22254	1
22256	1
22290	1
22300	1
22305	1
22325	1
22332	1
22336	2
22368	1
22386	1
22400	8
22414	1
22428	2
22442	1
22456	3
22460	1
22463	1
22484	1
22485	1
22498	3
22505	2
22510	1
22512	2
22530	1
22533	1
22536	1
22540	3
22544	1
22554	1
22560	2
22576	1
22596	1
22600	2
22610	1
22623	1
22624	2
22629	1
22638	1
22660	1
22680	3
22695	2
22700	1
22701	1
22708	1
22720	1
22740	1
22764	1
22770	1
22790	1
22806	2
22813	1
22820	1
22824	1
22862	1
22870	1
22880	1
22890	1
22900	1
22904	3
22925	1
22932	1
22948	1
22960	2
22970	1
22974	1
22988	2
23000	1
23010	1
23016	1
23030	1
23040	2
23044	1
23055	1
23072	2
23088	1
23096	1
23100	1
23104	3
23114	1
23121	2
23160	1
23168	1
23176	1
23184	1
23200	1
23212	1
23220	1
23226	1
23232	1
23240	1
23247	1
23248	1
23256	1
23268	1
23270	1
23288	1
23292	1
23300	1
23310	1
23320	2
23340	1
23348	1
23352	1
23376	1
23380	2
23424	1
23429	1
23450	1
23464	1
23480	1
23488	1
23500	1
23548	1
23562	1
23588	1
23625	1
23660	1
23664	1
23680	1
23700	1
23712	1
23716	1
23737	2
23800	1
23808	1
23950	1
24000	6
24010	1
24020	2
24024	1
24030	2
24040	1
24080	1
24100	1
24125	1
24130	1
24140	2
24150	1
24164	1
24210	1
24240	1
24270	1
24300	3
24311	1
24318	1
24325	1
24330	1
24344	1
24350	1
24396	1
24415	1
24416	1
24435	1
24437	1
24444	2
24465	1
24486	1
24495	1
24528	1
24540	1
24570	1
24580	1
24588	1
24620	2
24670	1
24675	1
24684	1
24685	1
24704	1
24724	1
24738	1
24753	1
24768	1
24780	1
24784	1
24800	2
24840	1
24864	2
24906	1
24908	1
24980	1
25010	1
25100	1
25188	1
25200	8
25240	1
25270	2
25305	1
25312	1
25319	1
25340	1
25344	1
25365	1
25400	2
25416	1
25424	1
25480	1
25494	1
25500	1
25533	1
25540	1
25592	1
25600	3
25608	1
25620	1
25632	1
25634	1
25644	2
25648	2
25656	1
25664	1
25683	1
25712	1
25728	1
25736	1
25760	2
25775	1
25788	1
25823	1
25840	1
25844	1
25864	1
25920	1
25928	1
25976	2
25980	1
25996	1
26000	1
26016	2
26020	1
26032	1
26040	1
26048	1
26052	1
26072	1
26076	1
26112	1
26120	1
26144	1
26152	1
26155	1
26164	2
26168	1
26194	1
26223	1
26264	5
26304	1
26320	1
26336	1
26348	1
26352	1
26424	1
26425	1
26432	1
26628	1
26656	1
26670	1
26720	1
26740	1
26768	1
26880	2
26901	1
26936	1
26943	1
26950	2
26978	2
26992	1
27000	4
27030	1
27035	1
27042	1
27048	1
27055	1
27070	1
27080	2
27128	1
27146	1
27153	1
27160	1
27167	1
27180	1
27188	1
27192	1
27200	1
27208	1
27215	1
27220	1
27264	1
27272	1
27280	1
27290	1
27300	2
27314	1
27328	1
27340	1
27360	1
27376	1
27400	1
27438	1
27440	1
27500	1
27510	1
27530	1
27559	1
27576	1
27640	1
27720	2
27760	1
27776	1
27780	1
27783	1
27790	1
27840	1
28000	2
28090	1
28098	1
28100	1
28105	1
28230	1
28280	1
28350	1
28356	1
28406	1
28504	1
28511	1
28525	1
28600	1
28612	1
28784	1
28800	5
28820	2
28824	2
28840	1
28855	1
28860	2
28864	1
28870	1
28880	2
28914	1
28928	1
28931	1
28935	1
28940	1
28955	1
28968	1
28970	1
28973	1
29020	1
29030	1
29049	1
29104	1
29105	1
29112	1
29150	1
29180	1
29220	1
29260	1
29312	1
29337	1
29344	1
29355	1
29400	1
29470	1
29475	1
29488	1
29504	1
29540	1
29568	1
29608	1
29634	1
29638	1
29740	1
29760	1
29792	1
29981	1
30000	2
30240	4
30310	1
30320	1
30375	1
30380	1
30394	1
30415	1
30450	1
30456	1
30635	1
30756	1
30816	1
30982	1
31164	1
31178	2
31355	1
31435	1
31510	1
31851	1
31870	1
32000	2
32030	1
32040	1
32060	1
32070	1
32081	1
32180	1
32260	1
32315	1
32400	2
32412	1
32418	1
32445	1
32456	1
32470	1
32484	1
32490	1
32556	1
32592	1
32604	1
32620	2
32660	1
32700	1
32728	1
32760	1
32811	1
32816	1
32828	1
32880	1
32890	1
32904	1
32912	1
32956	1
32960	1
33020	1
33070	1
33092	1
33112	1
33292	1
33340	1
33500	1
33600	3
33614	1
33628	2
33636	1
33726	1
33740	1
33750	1
33785	1
33860	1
33870	1
33894	1
33910	1
33930	1
34020	1
34048	1
34100	2
34170	1
34188	1
34250	1
34300	1
34440	2
34550	1
34671	1
34720	1
34752	1
34880	1
35125	1
35180	1
35276	1
35924	1
36000	2
36030	1
36042	1
36060	1
36080	2
36115	1
36128	1
36148	1
36208	1
36320	1
36448	1
36524	1
36924	1
36970	1
36988	1
37125	1
37230	1
37420	1
37500	1
37576	1
37648	1
37755	1
37800	1
37835	1
37842	1
37863	1
37952	1
37982	1
38010	1
38368	1
38500	1
38584	1
38592	1
38688	1
39028	1
39064	2
39072	1
39080	1
39360	1
40251	1
40474	1
40532	1
40580	1
40660	2
40810	1
40836	1
41050	1
41220	1
41388	1
41461	1
41630	1
42154	1
42459	1
42749	1
42840	1
42994	1
43176	1
43200	1
43384	1
43392	1
43396	1
43520	1
44800	2
45000	2
45052	1
45185	1
45402	1
45654	1
45724	1
46165	1
46228	1
46788	1
47200	1
47292	1
47474	1
47670	1
48810	1
48816	1
48870	1
48885	1
48960	1
49035	1
49080	1
49100	1
49360	1
50540	1
50568	1
50596	1
50855	1
51352	1
54030	2
54070	1
54128	1
54640	1
54810	2
56040	2
56889	1
56952	1
57050	1
57600	1
57800	1
58576	1
59040	1
61210	1
61278	1
61360	1
63056	1
64176	1
65040	1
65975	1
67160	1
67284	1
67655	1
72000	1
72020	1
73395	1
75600	1
75971	1
101670	1
110176	1
