Pay	Frequency
0	77573659
2	2437850
3	1305206
4	2571545
5	315785
6	1123066
7	358985
8	1432188
9	248126
10	669849
11	247275
12	826154
13	137695
14	336016
15	151695
16	621572
17	103742
18	271571
19	138544
20	567273
21	84608
22	222843
23	105849
24	487842
25	90270
26	178155
27	106243
28	187773
29	67834
30	238726
31	66490
32	251306
33	56959
34	129994
35	67487
36	153783
37	47760
38	96844
39	48918
40	385173
41	38491
42	114906
43	62129
44	119951
45	41349
46	85003
47	41806
48	187883
49	34591
50	97191
51	44247
52	87591
53	32580
54	69437
55	32902
56	73128
57	28655
58	51977
59	27682
60	149305
61	22480
62	56488
63	27840
64	84479
65	22747
66	46786
67	25273
68	51507
69	19948
70	42704
71	19909
72	62031
73	16982
74	33571
75	26631
76	36711
77	15659
78	29773
79	15391
80	158125
81	13668
82	39445
83	24829
84	47499
85	15660
86	32501
87	16931
88	39297
89	13784
90	44427
91	14910
92	32758
93	13011
94	24616
95	13038
96	52748
97	10871
98	23233
99	13478
100	111375
101	10018
102	25858
103	12423
104	30668
105	10807
106	19722
107	10339
108	25871
109	8708
110	19644
111	8983
112	23639
113	7916
114	16633
115	8557
116	17197
117	7275
118	13103
119	6966
120	64124
121	6052
122	18613
123	9985
124	22090
125	93282
126	16322
127	10286
128	24287
129	10360
130	15306
131	8190
132	17963
133	7535
134	11961
135	7189
136	15196
137	6044
138	11114
139	5825
140	16924
141	5544
142	9341
143	5150
144	20936
145	5154
146	8944
147	5404
148	10419
149	4647
150	15368
151	4289
152	10905
153	4796
154	8002
155	4429
156	9930
157	3996
158	6603
159	3984
160	46264
161	3488
162	11485
163	6702
164	12510
165	5093
166	9013
167	4733
168	14611
169	3981
170	9455
171	4614
172	9417
173	3808
174	7723
175	3957
176	9752
177	3538
178	6133
179	3506
180	19702
181	2926
182	7211
183	3848
184	9661
185	3334
186	6738
187	3140
188	6950
189	3126
190	6828
191	2855
192	13899
193	2543
194	5212
195	3478
196	6783
197	2468
198	5507
199	2458
200	16658
201	2419
202	5784
203	2660
204	7876
205	2984
206	4429
207	2656
208	7689
209	2244
210	7142
211	2241
212	5896
213	2172
214	4161
215	2457
216	7513
217	2030
218	3680
219	2208
220	6866
221	1793
222	4255
223	1931
224	7197
225	3844
226	3191
227	1990
228	5302
229	1799
230	4054
231	1954
232	4872
233	1674
234	3470
235	1834
236	3451
237	1716
238	2816
239	1353
240	25295
241	1425
242	4713
243	2771
244	6131
245	2188
246	4523
247	1958
248	5935
249	2073
250	100152
251	1836
252	9561
253	3021
254	6824
255	2560
256	6988
257	2023
258	5264
259	1835
260	6694
261	1750
262	3646
263	1571
264	5763
265	1807
266	3651
267	1664
268	3435
269	1445
270	5328
271	1333
272	4732
273	1584
274	2847
275	1532
276	3798
277	1230
278	2134
279	1300
280	7094
281	1068
282	2828
283	1152
284	2792
285	1831
286	2046
287	1370
288	6468
289	1027
290	3332
291	1286
292	2596
293	964
294	2894
295	1204
296	2887
297	1032
298	1806
299	930
300	8828
301	963
302	2004
303	1391
304	3833
305	1206
306	2302
307	1004
308	3211
309	1032
310	2812
311	917
312	3642
313	864
314	1711
315	1601
316	1993
317	863
318	2006
319	850
320	12392
321	867
322	2761
323	1411
324	3768
325	1413
326	1980
327	1191
328	3325
329	1101
330	3625
331	917
332	2539
333	1017
334	1679
335	1056
336	5165
337	783
338	1577
339	979
340	3829
341	722
342	1959
343	946
344	2613
345	1169
346	1422
347	803
348	2340
349	710
350	2727
351	862
352	2886
353	686
354	1678
355	884
356	1661
357	1006
358	1124
359	621
360	9831
361	618
362	1852
363	1096
364	3309
365	1028
366	1908
367	758
368	3050
369	909
370	2294
371	892
372	2485
373	666
374	1242
375	1082
376	2209
377	596
378	1920
379	678
380	3142
381	692
382	1125
383	629
384	3841
385	948
386	1110
387	704
388	1487
389	531
390	2220
391	483
392	2980
393	613
394	1048
395	751
396	1866
397	478
398	874
399	946
400	6108
401	466
402	1561
403	603
404	1645
405	858
406	1544
407	522
408	2458
409	503
410	1855
411	591
412	1479
413	606
414	1283
415	715
416	2116
417	606
418	958
419	498
420	4496
421	411
422	937
423	602
424	1820
425	780
426	1137
427	674
428	1202
429	519
430	1392
431	435
432	2552
433	417
434	1298
435	748
436	1155
437	457
438	990
439	410
440	2807
441	676
442	736
443	479
444	1477
445	601
446	666
447	495
448	2661
449	365
450	3853
451	410
452	1228
453	639
454	899
455	1013
456	1871
457	475
458	818
459	537
460	2136
461	431
462	1696
463	417
464	1615
465	716
466	752
467	395
468	1264
469	547
470	1202
471	424
472	1229
473	349
474	890
475	602
476	1566
477	444
478	602
479	341
480	9248
481	322
482	1191
483	915
484	1595
485	674
486	1256
487	499
488	1646
489	567
490	2252
491	451
492	1706
493	427
494	785
495	669
496	1619
497	511
498	1059
499	427
500	88655
501	459
502	3610
503	1753
504	6205
505	988
506	1855
507	942
508	2625
509	612
510	2216
511	829
512	2544
513	562
514	965
515	727
516	1923
517	448
518	1298
519	521
520	2799
521	390
522	1108
523	432
524	1497
525	958
526	705
527	403
528	2009
529	396
530	1295
531	459
532	1896
533	360
534	907
535	623
536	1283
537	447
538	630
539	491
540	3518
541	332
542	694
543	471
544	1598
545	516
546	1439
547	371
548	1014
549	426
550	1299
551	319
552	1526
553	467
554	641
555	632
556	876
557	333
558	719
559	308
560	3510
561	397
562	637
563	374
564	1230
565	490
566	538
567	564
568	1043
569	306
570	1299
571	308
572	799
573	317
574	1017
575	506
576	1805
577	298
578	526
579	375
580	1684
581	378
582	697
583	290
584	976
585	476
586	496
587	306
588	1484
589	273
590	876
591	326
592	1061
593	234
594	654
595	659
596	682
597	332
598	450
599	245
600	4342
601	240
602	1067
603	439
604	901
605	508
606	710
607	318
608	1212
609	488
610	1001
611	318
612	1028
613	268
614	547
615	537
616	1625
617	288
618	639
619	274
620	1413
621	327
622	499
623	452
624	1271
625	481
626	463
627	350
628	608
629	253
630	1782
631	294
632	861
633	345
634	489
635	409
636	769
637	414
638	432
639	310
640	3413
641	267
642	725
643	355
644	1412
645	480
646	527
647	291
648	1206
649	263
650	1088
651	508
652	760
653	266
654	587
655	422
656	1015
657	318
658	791
659	237
660	1577
661	226
662	462
663	305
664	919
665	552
666	551
667	257
668	594
669	270
670	716
671	276
672	2044
673	230
674	452
675	816
676	540
677	274
678	534
679	363
680	1678
681	309
682	420
683	297
684	732
685	394
686	810
687	279
688	865
689	265
690	943
691	240
692	558
693	417
694	376
695	389
696	774
697	228
698	381
699	276
700	2116
701	238
702	449
703	257
704	922
705	401
706	342
707	350
708	630
709	200
710	705
711	272
712	675
713	201
714	731
715	344
716	500
717	265
718	324
719	226
720	4366
721	370
722	625
723	425
724	771
725	448
726	634
727	268
728	1422
729	333
730	909
731	227
732	847
733	238
734	429
735	638
736	961
737	237
738	549
739	247
740	1151
741	260
742	756
743	264
744	968
745	354
746	352
747	281
748	530
749	386
750	68060
751	207
752	3006
753	1326
754	2943
755	640
756	2072
757	542
758	1558
759	405
760	1795
761	366
762	1095
763	453
764	729
765	521
766	984
767	307
768	1224
769	327
770	1456
771	312
772	689
773	258
774	834
775	384
776	757
777	428
778	453
779	247
780	1260
781	260
782	583
783	295
784	1418
785	345
786	565
787	248
788	514
789	276
790	843
791	368
792	893
793	229
794	420
795	378
796	501
797	235
798	797
799	191
800	2246
801	250
802	445
803	238
804	711
805	449
806	394
807	272
808	671
809	188
810	875
811	213
812	990
813	245
814	423
815	346
816	868
817	237
818	380
819	349
820	910
821	211
822	456
823	229
824	624
825	331
826	572
827	200
828	589
829	188
830	710
831	228
832	647
833	318
834	455
835	305
836	451
837	250
838	315
839	170
840	2264
841	194
842	369
843	224
844	467
845	318
846	421
847	353
848	635
849	225
850	758
851	194
852	519
853	199
854	596
855	320
856	528
857	215
858	403
859	190
860	777
861	362
862	296
863	189
864	750
865	277
866	292
867	214
868	765
869	203
870	715
871	190
872	506
873	214
874	319
875	428
876	477
877	173
878	311
879	243
880	1122
881	198
882	658
883	205
884	391
885	275
886	315
887	206
888	581
889	253
890	538
891	216
892	355
893	190
894	374
895	257
896	874
897	196
898	273
899	178
900	2276
901	161
902	349
903	381
904	601
905	295
906	455
907	200
908	452
909	225
910	988
911	193
912	653
913	218
914	303
915	307
916	382
917	275
918	418
919	205
920	905
921	228
922	314
923	194
924	911
925	324
926	319
927	200
928	471
929	183
930	625
931	270
932	387
933	176
934	275
935	303
936	514
937	177
938	474
939	179
940	687
941	170
942	350
943	167
944	472
945	413
946	259
947	183
948	416
949	169
950	568
951	188
952	871
953	158
954	350
955	232
956	349
957	176
958	227
959	263
960	2670
961	160
962	350
963	257
964	470
965	279
966	624
967	196
968	498
969	234
970	511
971	172
972	639
973	245
974	297
975	299
976	518
977	184
978	360
979	173
980	1274
981	179
982	298
983	172
984	614
985	231
986	298
987	260
988	325
989	187
990	580
991	174
992	519
993	206
994	500
995	227
996	446
997	166
998	309
999	170
1000	4887
1001	217
1002	485
1003	235
1004	515
1005	263
1006	290
1007	189
1008	1089
1009	159
1010	488
1011	188
1012	359
1013	169
1014	342
1015	382
1016	408
1017	176
1018	272
1019	184
1020	721
1021	134
1022	497
1023	177
1024	574
1025	254
1026	320
1027	144
1028	322
1029	295
1030	452
1031	150
1032	489
1033	157
1034	240
1035	229
1036	620
1037	144
1038	302
1039	161
1040	879
1041	172
1042	239
1043	254
1044	350
1045	192
1046	210
1047	171
1048	378
1049	142
1050	835
1051	127
1052	312
1053	168
1054	259
1055	201
1056	511
1057	227
1058	217
1059	175
1060	531
1061	133
1062	253
1063	165
1064	650
1065	215
1066	240
1067	155
1068	364
1069	137
1070	442
1071	220
1072	400
1073	113
1074	248
1075	207
1076	290
1077	176
1078	368
1079	156
1080	1490
1081	156
1082	308
1083	212
1084	363
1085	340
1086	325
1087	154
1088	510
1089	191
1090	386
1091	149
1092	653
1093	158
1094	239
1095	229
1096	358
1097	151
1098	258
1099	197
1100	632
1101	161
1102	224
1103	119
1104	540
1105	197
1106	416
1107	185
1108	262
1109	146
1110	443
1111	130
1112	343
1113	231
1114	202
1115	185
1116	353
1117	132
1118	231
1119	157
1120	1313
1121	133
1122	275
1123	177
1124	281
1125	224
1126	208
1127	201
1128	425
1129	130
1130	334
1131	166
1132	249
1133	128
1134	425
1135	186
1136	293
1137	164
1138	215
1139	123
1140	579
1141	196
1142	195
1143	145
1144	318
1145	180
1146	223
1147	151
1148	414
1149	147
1150	353
1151	127
1152	448
1153	126
1154	174
1155	278
1156	230
1157	141
1158	218
1159	101
1160	504
1161	159
1162	376
1163	140
1164	318
1165	190
1166	185
1167	137
1168	305
1169	179
1170	344
1171	112
1172	254
1173	151
1174	165
1175	196
1176	593
1177	116
1178	185
1179	143
1180	377
1181	122
1182	239
1183	178
1184	281
1185	184
1186	171
1187	113
1188	268
1189	110
1190	560
1191	151
1192	275
1193	112
1194	221
1195	141
1196	214
1197	203
1198	143
1199	117
1200	1365
1201	108
1202	212
1203	155
1204	523
1205	175
1206	269
1207	116
1208	309
1209	151
1210	296
1211	174
1212	342
1213	128
1214	172
1215	211
1216	350
1217	130
1218	346
1219	109
1220	455
1221	109
1222	202
1223	129
1224	362
1225	259
1226	196
1227	125
1228	225
1229	108
1230	352
1231	116
1232	606
1233	125
1234	203
1235	165
1236	271
1237	115
1238	192
1239	178
1240	460
1241	120
1242	217
1243	100
1244	245
1245	180
1246	353
1247	108
1248	375
1249	87
1250	375
1251	135
1252	219
1253	142
1254	209
1255	171
1256	254
1257	142
1258	160
1259	104
1260	938
1261	121
1262	188
1263	132
1264	319
1265	147
1266	209
1267	186
1268	210
1269	119
1270	285
1271	98
1272	302
1273	107
1274	350
1275	197
1276	212
1277	120
1278	173
1279	103
1280	912
1281	200
1282	189
1283	119
1284	308
1285	153
1286	155
1287	107
1288	504
1289	107
1290	344
1291	122
1292	266
1293	131
1294	187
1295	242
1296	359
1297	128
1298	157
1299	128
1300	482
1301	108
1302	346
1303	114
1304	292
1305	159
1306	167
1307	113
1308	245
1309	175
1310	230
1311	120
1312	326
1313	97
1314	175
1315	155
1316	357
1317	104
1318	181
1319	93
1320	499
1321	86
1322	162
1323	156
1324	218
1325	167
1326	160
1327	120
1328	312
1329	110
1330	422
1331	110
1332	237
1333	115
1334	136
1335	158
1336	225
1337	139
1338	162
1339	85
1340	300
1341	113
1342	157
1343	98
1344	558
1345	121
1346	161
1347	102
1348	197
1349	122
1350	709
1351	140
1352	244
1353	149
1354	207
1355	163
1356	217
1357	126
1358	325
1359	126
1360	446
1361	98
1362	187
1363	97
1364	190
1365	226
1366	164
1367	94
1368	278
1369	111
1370	245
1371	100
1372	392
1373	111
1374	180
1375	149
1376	259
1377	125
1378	150
1379	152
1380	391
1381	96
1382	143
1383	104
1384	226
1385	120
1386	303
1387	115
1388	170
1389	111
1390	247
1391	95
1392	245
1393	149
1394	141
1395	136
1396	169
1397	94
1398	139
1399	91
1400	807
1401	96
1402	164
1403	103
1404	211
1405	146
1406	131
1407	158
1408	223
1409	80
1410	245
1411	96
1412	183
1413	103
1414	278
1415	130
1416	234
1417	95
1418	138
1419	99
1420	272
1421	146
1422	154
1423	97
1424	205
1425	149
1426	131
1427	98
1428	330
1429	82
1430	229
1431	89
1432	175
1433	90
1434	135
1435	156
1436	174
1437	107
1438	117
1439	108
1440	1278
1441	96
1442	306
1443	156
1444	218
1445	122
1446	204
1447	117
1448	246
1449	159
1450	295
1451	95
1452	265
1453	89
1454	121
1455	128
1456	428
1457	72
1458	188
1459	86
1460	289
1461	94
1462	147
1463	142
1464	289
1465	114
1466	148
1467	105
1468	129
1469	86
1470	422
1471	81
1472	274
1473	99
1474	135
1475	125
1476	231
1477	118
1478	137
1479	85
1480	308
1481	90
1482	163
1483	80
1484	308
1485	135
1486	136
1487	91
1488	270
1489	104
1490	216
1491	144
1492	161
1493	94
1494	168
1495	148
1496	180
1497	103
1498	207
1499	81
1500	406
1501	83
1502	136
1503	104
1504	228
1505	158
1506	165
1507	91
1508	158
1509	102
1510	173
1511	96
1512	406
1513	78
1514	121
1515	128
1516	162
1517	87
1518	140
1519	106
1520	324
1521	111
1522	123
1523	92
1524	164
1525	108
1526	253
1527	74
1528	196
1529	75
1530	230
1531	75
1532	153
1533	118
1534	117
1535	112
1536	267
1537	72
1538	106
1539	78
1540	468
1541	83
1542	134
1543	86
1544	169
1545	99
1546	115
1547	94
1548	143
1549	79
1550	194
1551	88
1552	190
1553	79
1554	249
1555	94
1556	136
1557	92
1558	106
1559	70
1560	336
1561	124
1562	110
1563	84
1564	127
1565	107
1566	137
1567	89
1568	326
1569	101
1570	171
1571	72
1572	172
1573	76
1574	112
1575	155
1576	172
1577	64
1578	126
1579	65
1580	238
1581	82
1582	203
1583	65
1584	194
1585	97
1586	105
1587	94
1588	115
1589	124
1590	163
1591	93
1592	154
1593	71
1594	99
1595	114
1596	256
1597	86
1598	106
1599	81
1600	605
1601	69
1602	136
1603	130
1604	127
1605	107
1606	93
1607	85
1608	182
1609	86
1610	308
1611	90
1612	135
1613	57
1614	130
1615	94
1616	168
1617	124
1618	120
1619	90
1620	404
1621	63
1622	107
1623	95
1624	278
1625	99
1626	140
1627	83
1628	145
1629	90
1630	175
1631	110
1632	240
1633	65
1634	100
1635	104
1636	135
1637	68
1638	216
1639	73
1640	293
1641	73
1642	125
1643	78
1644	175
1645	128
1646	91
1647	76
1648	146
1649	81
1650	225
1651	98
1652	202
1653	70
1654	112
1655	109
1656	157
1657	71
1658	104
1659	114
1660	219
1661	52
1662	109
1663	83
1664	182
1665	88
1666	150
1667	65
1668	136
1669	66
1670	159
1671	76
1672	134
1673	102
1674	109
1675	89
1676	103
1677	69
1678	88
1679	70
1680	615
1681	72
1682	130
1683	99
1684	127
1685	94
1686	131
1687	102
1688	150
1689	65
1690	158
1691	62
1692	153
1693	75
1694	191
1695	84
1696	177
1697	63
1698	106
1699	61
1700	289
1701	111
1702	82
1703	87
1704	161
1705	79
1706	100
1707	77
1708	213
1709	68
1710	155
1711	80
1712	164
1713	77
1714	86
1715	128
1716	114
1717	67
1718	71
1719	92
1720	221
1721	58
1722	186
1723	69
1724	106
1725	95
1726	74
1727	75
1728	174
1729	84
1730	147
1731	70
1732	114
1733	82
1734	102
1735	96
1736	222
1737	68
1738	81
1739	57
1740	208
1741	77
1742	81
1743	108
1744	131
1745	84
1746	101
1747	64
1748	117
1749	69
1750	220
1751	64
1752	135
1753	60
1754	93
1755	100
1756	97
1757	78
1758	94
1759	62
1760	237
1761	83
1762	78
1763	65
1764	220
1765	94
1766	76
1767	67
1768	132
1769	63
1770	150
1771	112
1772	92
1773	66
1774	94
1775	97
1776	120
1777	62
1778	131
1779	58
1780	164
1781	60
1782	78
1783	55
1784	99
1785	130
1786	81
1787	65
1788	110
1789	63
1790	129
1791	66
1792	277
1793	55
1794	96
1795	77
1796	118
1797	60
1798	92
1799	68
1800	701
1801	64
1802	107
1803	89
1804	137
1805	86
1806	201
1807	59
1808	152
1809	59
1810	165
1811	60
1812	152
1813	86
1814	93
1815	88
1816	145
1817	68
1818	115
1819	70
1820	348
1821	74
1822	105
1823	73
1824	165
1825	83
1826	94
1827	93
1828	102
1829	68
1830	161
1831	52
1832	121
1833	58
1834	164
1835	68
1836	142
1837	59
1838	88
1839	64
1840	242
1841	92
1842	85
1843	57
1844	96
1845	80
1846	65
1847	56
1848	234
1849	63
1850	150
1851	56
1852	89
1853	48
1854	107
1855	128
1856	134
1857	58
1858	78
1859	69
1860	212
1861	56
1862	172
1863	55
1864	115
1865	81
1866	89
1867	60
1868	108
1869	89
1870	111
1871	62
1872	150
1873	61
1874	82
1875	89
1876	186
1877	67
1878	94
1879	57
1880	232
1881	50
1882	81
1883	84
1884	121
1885	69
1886	76
1887	51
1888	103
1889	49
1890	239
1891	61
1892	102
1893	64
1894	92
1895	72
1896	119
1897	78
1898	70
1899	52
1900	188
1901	56
1902	73
1903	60
1904	212
1905	81
1906	56
1907	53
1908	109
1909	67
1910	113
1911	87
1912	82
1913	63
1914	79
1915	73
1916	105
1917	85
1918	136
1919	64
1920	523
1921	58
1922	87
1923	69
1924	86
1925	116
1926	91
1927	47
1928	137
1929	62
1930	125
1931	54
1932	216
1933	60
1934	69
1935	89
1936	134
1937	49
1938	107
1939	93
1940	172
1941	52
1942	80
1943	51
1944	161
1945	68
1946	135
1947	50
1948	86
1949	46
1950	142
1951	50
1952	124
1953	85
1954	67
1955	72
1956	120
1957	48
1958	83
1959	54
1960	368
1961	50
1962	100
1963	55
1964	101
1965	86
1966	78
1967	82
1968	175
1969	40
1970	121
1971	52
1972	82
1973	45
1974	136
1975	52
1976	123
1977	53
1978	73
1979	48
1980	163
1981	82
1982	61
1983	61
1984	125
1985	63
1986	81
1987	49
1988	152
1989	39
1990	105
1991	54
1992	132
1993	52
1994	72
1995	83
1996	101
1997	43
1998	71
1999	50
2000	300
2001	49
2002	118
2003	44
2004	93
2005	72
2006	71
2007	49
2008	110
2009	64
2010	123
2011	55
2012	79
2013	64
2014	54
2015	66
2016	221
2017	48
2018	69
2019	48
2020	148
2021	52
2022	86
2023	64
2024	111
2025	127
2026	70
2027	40
2028	110
2029	54
2030	167
2031	53
2032	105
2033	43
2034	71
2035	61
2036	75
2037	73
2038	65
2039	59
2040	169
2041	48
2042	62
2043	55
2044	138
2045	61
2046	71
2047	63
2048	110
2049	59
2050	116
2051	70
2052	82
2053	47
2054	77
2055	85
2056	105
2057	46
2058	99
2059	59
2060	119
2061	53
2062	52
2063	53
2064	131
2065	78
2066	64
2067	49
2068	71
2069	41
2070	114
2071	41
2072	155
2073	55
2074	62
2075	62
2076	89
2077	45
2078	74
2079	78
2080	182
2081	42
2082	59
2083	56
2084	88
2085	59
2086	105
2087	47
2088	111
2089	51
2090	87
2091	46
2092	71
2093	62
2094	64
2095	64
2096	102
2097	62
2098	60
2099	49
2100	265
2101	56
2102	78
2103	60
2104	111
2105	65
2106	59
2107	61
2108	86
2109	38
2110	96
2111	45
2112	120
2113	47
2114	112
2115	46
2116	62
2117	65
2118	74
2119	45
2120	142
2121	58
2122	62
2123	59
2124	84
2125	66
2126	70
2127	45
2128	146
2129	40
2130	91
2131	50
2132	68
2133	45
2134	62
2135	91
2136	87
2137	53
2138	59
2139	58
2140	98
2141	46
2142	110
2143	50
2144	83
2145	52
2146	58
2147	48
2148	68
2149	66
2150	107
2151	53
2152	70
2153	37
2154	77
2155	64
2156	129
2157	46
2158	68
2159	49
2160	443
2161	36
2162	77
2163	71
2164	83
2165	55
2166	76
2167	55
2168	106
2169	71
2170	115
2171	50
2172	84
2173	48
2174	63
2175	48
2176	84
2177	67
2178	81
2179	32
2180	124
2181	48
2182	50
2183	39
2184	174
2185	55
2186	70
2187	55
2188	78
2189	43
2190	86
2191	50
2192	89
2193	44
2194	61
2195	57
2196	97
2197	42
2198	83
2199	49
2200	152
2201	50
2202	83
2203	35
2204	82
2205	71
2206	47
2207	43
2208	108
2209	42
2210	82
2211	44
2212	120
2213	53
2214	89
2215	51
2216	78
2217	44
2218	61
2219	52
2220	126
2221	42
2222	55
2223	47
2224	69
2225	46
2226	112
2227	37
2228	57
2229	42
2230	82
2231	48
2232	84
2233	47
2234	57
2235	55
2236	65
2237	44
2238	58
2239	31
2240	267
2241	52
2242	66
2243	37
2244	90
2245	45
2246	45
2247	47
2248	69
2249	45
2250	132
2251	33
2252	74
2253	59
2254	92
2255	42
2256	91
2257	40
2258	67
2259	45
2260	93
2261	67
2262	72
2263	32
2264	65
2265	64
2266	44
2267	39
2268	134
2269	33
2270	80
2271	38
2272	76
2273	37
2274	46
2275	82
2276	55
2277	32
2278	43
2279	49
2280	122
2281	35
2282	85
2283	45
2284	61
2285	57
2286	61
2287	40
2288	71
2289	65
2290	63
2291	43
2292	74
2293	48
2294	56
2295	46
2296	121
2297	36
2298	62
2299	42
2300	88
2301	35
2302	48
2303	57
2304	82
2305	51
2306	50
2307	33
2308	56
2309	23
2310	129
2311	35
2312	59
2313	55
2314	56
2315	46
2316	55
2317	51
2318	45
2319	53
2320	99
2321	52
2322	59
2323	49
2324	115
2325	45
2326	51
2327	35
2328	71
2329	47
2330	72
2331	46
2332	59
2333	36
2334	61
2335	43
2336	69
2337	36
2338	68
2339	40
2340	95
2341	34
2342	41
2343	41
2344	58
2345	50
2346	50
2347	31
2348	46
2349	39
2350	94
2351	52
2352	144
2353	36
2354	51
2355	55
2356	61
2357	43
2358	47
2359	50
2360	86
2361	52
2362	50
2363	43
2364	63
2365	46
2366	66
2367	40
2368	68
2369	40
2370	78
2371	37
2372	41
2373	50
2374	46
2375	47
2376	67
2377	37
2378	45
2379	40
2380	154
2381	27
2382	59
2383	33
2384	73
2385	41
2386	47
2387	52
2388	51
2389	39
2390	68
2391	33
2392	51
2393	36
2394	71
2395	50
2396	48
2397	38
2398	37
2399	37
2400	310
2401	43
2402	58
2403	44
2404	53
2405	46
2406	75
2407	37
2408	128
2409	46
2410	82
2411	43
2412	69
2413	25
2414	44
2415	67
2416	95
2417	34
2418	56
2419	25
2420	75
2421	37
2422	72
2423	41
2424	94
2425	43
2426	37
2427	35
2428	44
2429	49
2430	106
2431	39
2432	74
2433	38
2434	36
2435	46
2436	102
2437	45
2438	46
2439	44
2440	119
2441	31
2442	66
2443	40
2444	51
2445	49
2446	39
2447	42
2448	91
2449	35
2450	104
2451	33
2452	52
2453	38
2454	39
2455	30
2456	51
2457	51
2458	39
2459	31
2460	87
2461	33
2462	44
2463	42
2464	112
2465	43
2466	60
2467	30
2468	46
2469	35
2470	68
2471	53
2472	57
2473	33
2474	58
2475	49
2476	53
2477	42
2478	73
2479	39
2480	121
2481	27
2482	54
2483	31
2484	61
2485	55
2486	43
2487	29
2488	73
2489	40
2490	67
2491	29
2492	93
2493	26
2494	39
2495	43
2496	66
2497	33
2498	48
2499	31
2500	2996
2501	31
2502	147
2503	87
2504	182
2505	57
2506	105
2507	52
2508	110
2509	42
2510	85
2511	43
2512	97
2513	38
2514	56
2515	44
2516	71
2517	39
2518	51
2519	28
2520	247
2521	40
2522	48
2523	27
2524	82
2525	37
2526	50
2527	41
2528	54
2529	42
2530	76
2531	35
2532	86
2533	31
2534	69
2535	40
2536	81
2537	31
2538	65
2539	35
2540	78
2541	50
2542	53
2543	18
2544	67
2545	45
2546	43
2547	35
2548	96
2549	44
2550	65
2551	30
2552	66
2553	39
2554	49
2555	47
2556	52
2557	22
2558	42
2559	31
2560	199
2561	29
2562	76
2563	41
2564	54
2565	46
2566	47
2567	46
2568	69
2569	32
2570	58
2571	29
2572	57
2573	22
2574	44
2575	34
2576	141
2577	37
2578	39
2579	33
2580	85
2581	25
2582	46
2583	45
2584	76
2585	36
2586	50
2587	33
2588	52
2589	28
2590	105
2591	25
2592	104
2593	34
2594	35
2595	52
2596	52
2597	53
2598	45
2599	45
2600	118
2601	28
2602	33
2603	34
2604	75
2605	22
2606	40
2607	30
2608	61
2609	34
2610	56
2611	45
2612	58
2613	37
2614	43
2615	41
2616	61
2617	30
2618	69
2619	28
2620	88
2621	34
2622	42
2623	40
2624	53
2625	56
2626	40
2627	33
2628	53
2629	26
2630	60
2631	29
2632	107
2633	27
2634	50
2635	32
2636	42
2637	28
2638	41
2639	36
2640	106
2641	33
2642	31
2643	28
2644	55
2645	44
2646	69
2647	28
2648	54
2649	34
2650	64
2651	20
2652	58
2653	55
2654	28
2655	35
2656	59
2657	36
2658	43
2659	20
2660	117
2661	28
2662	44
2663	38
2664	50
2665	29
2666	29
2667	29
2668	52
2669	28
2670	54
2671	37
2672	57
2673	35
2674	57
2675	40
2676	48
2677	30
2678	37
2679	27
2680	72
2681	43
2682	42
2683	23
2684	32
2685	37
2686	35
2687	35
2688	85
2689	32
2690	39
2691	28
2692	37
2693	22
2694	37
2695	52
2696	41
2697	20
2698	31
2699	30
2700	259
2701	25
2702	62
2703	36
2704	55
2705	30
2706	58
2707	23
2708	47
2709	41
2710	45
2711	30
2712	68
2713	39
2714	38
2715	28
2716	85
2717	33
2718	50
2719	30
2720	102
2721	24
2722	29
2723	50
2724	52
2725	27
2726	36
2727	30
2728	66
2729	23
2730	87
2731	22
2732	52
2733	33
2734	36
2735	29
2736	49
2737	29
2738	42
2739	26
2740	70
2741	39
2742	42
2743	33
2744	80
2745	29
2746	41
2747	33
2748	59
2749	22
2750	49
2751	42
2752	53
2753	22
2754	29
2755	31
2756	46
2757	26
2758	57
2759	28
2760	90
2761	28
2762	43
2763	26
2764	34
2765	42
2766	40
2767	20
2768	54
2769	30
2770	40
2771	28
2772	75
2773	36
2774	45
2775	35
2776	44
2777	21
2778	36
2779	29
2780	47
2781	29
2782	35
2783	22
2784	58
2785	40
2786	62
2787	23
2788	39
2789	24
2790	48
2791	24
2792	55
2793	48
2794	38
2795	26
2796	31
2797	27
2798	25
2799	30
2800	164
2801	18
2802	34
2803	35
2804	35
2805	32
2806	30
2807	22
2808	54
2809	29
2810	46
2811	28
2812	43
2813	20
2814	53
2815	29
2816	42
2817	24
2818	37
2819	32
2820	85
2821	30
2822	34
2823	29
2824	51
2825	34
2826	29
2827	22
2828	75
2829	29
2830	49
2831	26
2832	58
2833	31
2834	34
2835	33
2836	39
2837	35
2838	29
2839	29
2840	72
2841	31
2842	55
2843	26
2844	47
2845	29
2846	33
2847	32
2848	41
2849	35
2850	51
2851	19
2852	43
2853	28
2854	32
2855	26
2856	81
2857	17
2858	23
2859	20
2860	51
2861	22
2862	34
2863	27
2864	44
2865	28
2866	41
2867	24
2868	20
2869	25
2870	68
2871	22
2872	40
2873	23
2874	36
2875	28
2876	30
2877	26
2878	37
2879	29
2880	260
2881	17
2882	37
2883	35
2884	73
2885	32
2886	47
2887	29
2888	64
2889	23
2890	54
2891	31
2892	56
2893	28
2894	29
2895	25
2896	56
2897	23
2898	66
2899	28
2900	52
2901	32
2902	35
2903	24
2904	71
2905	35
2906	30
2907	37
2908	32
2909	13
2910	37
2911	31
2912	76
2913	18
2914	36
2915	37
2916	48
2917	33
2918	24
2919	36
2920	63
2921	33
2922	35
2923	21
2924	39
2925	41
2926	48
2927	19
2928	76
2929	25
2930	49
2931	24
2932	34
2933	36
2934	34
2935	38
2936	38
2937	22
2938	44
2939	18
2940	112
2941	15
2942	33
2943	35
2944	50
2945	23
2946	41
2947	27
2948	39
2949	27
2950	45
2951	16
2952	65
2953	20
2954	50
2955	31
2956	32
2957	25
2958	37
2959	24
2960	61
2961	25
2962	34
2963	27
2964	49
2965	23
2966	34
2967	20
2968	52
2969	29
2970	46
2971	21
2972	38
2973	23
2974	30
2975	22
2976	43
2977	19
2978	36
2979	22
2980	47
2981	18
2982	41
2983	23
2984	48
2985	31
2986	25
2987	13
2988	35
2989	29
2990	32
2991	20
2992	34
2993	23
2994	30
2995	39
2996	51
2997	28
2998	15
2999	15
3000	94
3001	13
3002	43
3003	25
3004	34
3005	32
3006	31
3007	18
3008	58
3009	24
3010	41
3011	17
3012	34
3013	25
3014	27
3015	26
3016	52
3017	25
3018	31
3019	24
3020	52
3021	20
3022	35
3023	17
3024	61
3025	29
3026	39
3027	17
3028	32
3029	21
3030	37
3031	26
3032	43
3033	20
3034	24
3035	17
3036	37
3037	26
3038	36
3039	19
3040	78
3041	20
3042	25
3043	17
3044	34
3045	42
3046	26
3047	20
3048	43
3049	24
3050	34
3051	15
3052	54
3053	28
3054	32
3055	24
3056	25
3057	27
3058	26
3059	18
3060	64
3061	14
3062	24
3063	21
3064	43
3065	31
3066	41
3067	27
3068	41
3069	22
3070	32
3071	19
3072	34
3073	21
3074	9
3075	30
3076	25
3077	24
3078	23
3079	25
3080	94
3081	29
3082	16
3083	19
3084	29
3085	23
3086	25
3087	28
3088	41
3089	21
3090	36
3091	21
3092	22
3093	23
3094	46
3095	21
3096	54
3097	17
3098	20
3099	25
3100	34
3101	30
3102	30
3103	17
3104	39
3105	22
3106	19
3107	22
3108	43
3109	17
3110	35
3111	14
3112	26
3113	27
3114	17
3115	25
3116	22
3117	23
3118	24
3119	28
3120	53
3121	21
3122	32
3123	23
3124	38
3125	27
3126	28
3127	25
3128	29
3129	14
3130	34
3131	20
3132	32
3133	27
3134	28
3135	27
3136	47
3137	18
3138	28
3139	23
3140	35
3141	24
3142	25
3143	16
3144	40
3145	29
3146	22
3147	22
3148	20
3149	17
3150	60
3151	13
3152	32
3153	12
3154	22
3155	22
3156	28
3157	18
3158	24
3159	24
3160	43
3161	18
3162	34
3163	17
3164	44
3165	26
3166	20
3167	24
3168	44
3169	19
3170	32
3171	15
3172	40
3173	18
3174	22
3175	17
3176	33
3177	19
3178	44
3179	21
3180	34
3181	16
3182	25
3183	14
3184	33
3185	21
3186	22
3187	24
3188	37
3189	24
3190	43
3191	15
3192	50
3193	11
3194	20
3195	30
3196	23
3197	16
3198	28
3199	25
3200	168
3201	15
3202	27
3203	20
3204	39
3205	18
3206	48
3207	23
3208	39
3209	11
3210	47
3211	23
3212	22
3213	16
3214	17
3215	13
3216	54
3217	25
3218	21
3219	19
3220	59
3221	18
3222	31
3223	18
3224	31
3225	23
3226	26
3227	21
3228	24
3229	10
3230	32
3231	24
3232	45
3233	10
3234	38
3235	19
3236	19
3237	23
3238	25
3239	20
3240	131
3241	25
3242	26
3243	25
3244	26
3245	20
3246	29
3247	23
3248	60
3249	20
3250	42
3251	21
3252	39
3253	15
3254	25
3255	30
3256	33
3257	22
3258	25
3259	15
3260	53
3261	15
3262	32
3263	20
3264	33
3265	22
3266	17
3267	19
3268	24
3269	17
3270	50
3271	26
3272	33
3273	18
3274	26
3275	23
3276	40
3277	16
3278	26
3279	20
3280	58
3281	14
3282	31
3283	24
3284	25
3285	16
3286	27
3287	16
3288	30
3289	15
3290	40
3291	17
3292	22
3293	18
3294	24
3295	24
3296	27
3297	23
3298	20
3299	20
3300	46
3301	6
3302	16
3303	21
3304	33
3305	23
3306	26
3307	17
3308	20
3309	22
3310	23
3311	27
3312	37
3313	20
3314	13
3315	17
3316	17
3317	19
3318	42
3319	20
3320	52
3321	26
3322	27
3323	19
3324	32
3325	23
3326	20
3327	21
3328	29
3329	14
3330	22
3331	15
3332	38
3333	20
3334	17
3335	18
3336	24
3337	11
3338	19
3339	25
3340	37
3341	13
3342	23
3343	19
3344	27
3345	18
3346	21
3347	20
3348	21
3349	20
3350	36
3351	23
3352	30
3353	24
3354	30
3355	17
3356	26
3357	14
3358	17
3359	16
3360	122
3361	12
3362	20
3363	19
3364	27
3365	20
3366	21
3367	20
3368	23
3369	16
3370	34
3371	11
3372	31
3373	16
3374	33
3375	21
3376	36
3377	15
3378	23
3379	16
3380	39
3381	17
3382	19
3383	9
3384	30
3385	19
3386	14
3387	12
3388	39
3389	9
3390	30
3391	12
3392	34
3393	18
3394	21
3395	18
3396	18
3397	18
3398	18
3399	15
3400	38
3401	17
3402	34
3403	14
3404	22
3405	18
3406	12
3407	25
3408	35
3409	21
3410	35
3411	12
3412	15
3413	12
3414	21
3415	20
3416	51
3417	22
3418	16
3419	20
3420	34
3421	17
3422	16
3423	16
3424	30
3425	17
3426	13
3427	15
3428	29
3429	15
3430	43
3431	17
3432	41
3433	13
3434	12
3435	13
3436	22
3437	17
3438	23
3439	14
3440	47
3441	12
3442	20
3443	13
3444	40
3445	16
3446	16
3447	11
3448	25
3449	19
3450	30
3451	19
3452	18
3453	18
3454	16
3455	20
3456	40
3457	18
3458	23
3459	16
3460	30
3461	12
3462	20
3463	14
3464	25
3465	16
3466	22
3467	13
3468	24
3469	10
3470	29
3471	9
3472	41
3473	8
3474	25
3475	19
3476	19
3477	15
3478	16
3479	13
3480	36
3481	8
3482	17
3483	12
3484	14
3485	17
3486	34
3487	17
3488	19
3489	11
3490	32
3491	13
3492	21
3493	17
3494	20
3495	19
3496	19
3497	13
3498	24
3499	8
3500	55
3501	15
3502	25
3503	20
3504	41
3505	20
3506	14
3507	17
3508	23
3509	10
3510	24
3511	14
3512	17
3513	23
3514	24
3515	16
3516	15
3517	16
3518	13
3519	15
3520	45
3521	13
3522	23
3523	9
3524	19
3525	23
3526	23
3527	18
3528	30
3529	15
3530	18
3531	15
3532	14
3533	16
3534	23
3535	19
3536	27
3537	16
3538	19
3539	11
3540	27
3541	12
3542	24
3543	8
3544	23
3545	10
3546	19
3547	18
3548	22
3549	21
3550	16
3551	10
3552	22
3553	13
3554	15
3555	13
3556	33
3557	17
3558	19
3559	13
3560	36
3561	9
3562	19
3563	20
3564	13
3565	13
3566	17
3567	17
3568	28
3569	8
3570	41
3571	13
3572	18
3573	8
3574	12
3575	14
3576	18
3577	25
3578	17
3579	6
3580	20
3581	10
3582	25
3583	18
3584	48
3585	20
3586	7
3587	16
3588	17
3589	13
3590	20
3591	18
3592	18
3593	18
3594	14
3595	11
3596	20
3597	17
3598	28
3599	11
3600	132
3601	19
3602	21
3603	19
3604	16
3605	24
3606	19
3607	16
3608	20
3609	20
3610	26
3611	13
3612	45
3613	13
3614	20
3615	27
3616	39
3617	12
3618	26
3619	11
3620	34
3621	18
3622	20
3623	10
3624	31
3625	19
3626	27
3627	19
3628	25
3629	15
3630	39
3631	18
3632	24
3633	20
3634	11
3635	18
3636	28
3637	9
3638	12
3639	11
3640	54
3641	17
3642	23
3643	6
3644	23
3645	13
3646	16
3647	10
3648	26
3649	9
3650	33
3651	12
3652	18
3653	12
3654	26
3655	12
3656	23
3657	11
3658	21
3659	12
3660	34
3661	17
3662	14
3663	8
3664	21
3665	6
3666	16
3667	8
3668	28
3669	15
3670	24
3671	13
3672	29
3673	14
3674	23
3675	12
3676	19
3677	8
3678	18
3679	9
3680	44
3681	15
3682	24
3683	15
3684	27
3685	13
3686	16
3687	11
3688	17
3689	14
3690	18
3691	14
3692	14
3693	19
3694	12
3695	11
3696	57
3697	14
3698	11
3699	11
3700	35
3701	10
3702	12
3703	18
3704	30
3705	20
3706	17
3707	7
3708	25
3709	7
3710	27
3711	13
3712	26
3713	18
3714	21
3715	20
3716	19
3717	22
3718	16
3719	13
3720	35
3721	7
3722	9
3723	8
3724	32
3725	15
3726	17
3727	8
3728	31
3729	10
3730	25
3731	14
3732	17
3733	7
3734	11
3735	21
3736	21
3737	13
3738	25
3739	17
3740	25
3741	16
3742	8
3743	11
3744	25
3745	19
3746	16
3747	11
3748	20
3749	13
3750	18
3751	7
3752	27
3753	17
3754	10
3755	12
3756	22
3757	10
3758	20
3759	13
3760	35
3761	14
3762	19
3763	16
3764	12
3765	18
3766	24
3767	14
3768	27
3769	13
3770	19
3771	13
3772	20
3773	13
3774	9
3775	12
3776	18
3777	7
3778	14
3779	5
3780	57
3781	7
3782	13
3783	13
3784	17
3785	12
3786	18
3787	19
3788	15
3789	11
3790	21
3791	9
3792	25
3793	18
3794	33
3795	13
3796	15
3797	14
3798	17
3799	11
3800	46
3801	13
3802	14
3803	10
3804	16
3805	20
3806	13
3807	11
3808	33
3809	18
3810	21
3811	9
3812	13
3813	14
3814	16
3815	8
3816	21
3817	12
3818	12
3819	11
3820	26
3821	15
3822	19
3823	5
3824	16
3825	15
3826	16
3827	13
3828	19
3829	13
3830	23
3831	12
3832	20
3833	10
3834	8
3835	14
3836	26
3837	11
3838	11
3839	12
3840	104
3841	6
3842	18
3843	9
3844	10
3845	11
3846	19
3847	11
3848	21
3849	12
3850	36
3851	13
3852	34
3853	14
3854	12
3855	14
3856	36
3857	10
3858	15
3859	9
3860	30
3861	9
3862	13
3863	6
3864	48
3865	8
3866	24
3867	11
3868	18
3869	9
3870	19
3871	13
3872	42
3873	11
3874	12
3875	12
3876	30
3877	10
3878	30
3879	16
3880	31
3881	11
3882	21
3883	14
3884	17
3885	17
3886	14
3887	15
3888	27
3889	8
3890	25
3891	14
3892	22
3893	10
3894	21
3895	12
3896	20
3897	11
3898	14
3899	14
3900	32
3901	14
3902	16
3903	17
3904	30
3905	13
3906	24
3907	5
3908	10
3909	13
3910	23
3911	5
3912	22
3913	13
3914	13
3915	12
3916	10
3917	9
3918	13
3919	3
3920	59
3921	4
3922	16
3923	14
3924	19
3925	11
3926	13
3927	8
3928	23
3929	14
3930	18
3931	15
3932	20
3933	8
3934	22
3935	16
3936	26
3937	11
3938	14
3939	15
3940	20
3941	13
3942	15
3943	7
3944	20
3945	8
3946	14
3947	15
3948	23
3949	15
3950	13
3951	11
3952	17
3953	10
3954	13
3955	16
3956	17
3957	9
3958	11
3959	8
3960	26
3961	10
3962	19
3963	11
3964	14
3965	14
3966	15
3967	8
3968	23
3969	20
3970	17
3971	9
3972	17
3973	8
3974	11
3975	9
3976	28
3977	12
3978	5
3979	12
3980	19
3981	13
3982	8
3983	15
3984	22
3985	11
3986	17
3987	14
3988	12
3989	8
3990	24
3991	10
3992	22
3993	12
3994	11
3995	10
3996	20
3997	11
3998	14
3999	15
4000	55
4001	4
4002	12
4003	10
4004	30
4005	15
4006	13
4007	15
4008	21
4009	17
4010	20
4011	8
4012	24
4013	9
4014	15
4015	11
4016	25
4017	4
4018	18
4019	8
4020	35
4021	15
4022	10
4023	9
4024	24
4025	10
4026	18
4027	10
4028	22
4029	14
4030	14
4031	9
4032	33
4033	9
4034	15
4035	10
4036	18
4037	12
4038	19
4039	10
4040	31
4041	11
4042	16
4043	8
4044	13
4045	13
4046	9
4047	9
4048	15
4049	10
4050	48
4051	11
4052	19
4053	15
4054	13
4055	8
4056	11
4057	9
4058	12
4059	11
4060	36
4061	7
4062	17
4063	4
4064	24
4065	14
4066	12
4067	7
4068	25
4069	7
4070	21
4071	9
4072	20
4073	13
4074	19
4075	11
4076	17
4077	14
4078	14
4079	6
4080	33
4081	13
4082	18
4083	9
4084	15
4085	7
4086	9
4087	11
4088	24
4089	10
4090	16
4091	13
4092	15
4093	11
4094	9
4095	16
4096	13
4097	13
4098	7
4099	13
4100	14
4101	14
4102	23
4103	11
4104	15
4105	15
4106	13
4107	12
4108	13
4109	9
4110	19
4111	4
4112	16
4113	13
4114	10
4115	13
4116	12
4117	8
4118	12
4119	15
4120	24
4121	5
4122	7
4123	13
4124	16
4125	15
4126	11
4127	11
4128	9
4129	9
4130	24
4131	12
4132	14
4133	9
4134	7
4135	9
4136	7
4137	10
4138	12
4139	11
4140	29
4141	8
4142	11
4143	15
4144	22
4145	10
4146	12
4147	10
4148	13
4149	6
4150	19
4151	8
4152	17
4153	13
4154	5
4155	15
4156	10
4157	8
4158	17
4159	13
4160	24
4161	10
4162	15
4163	2
4164	17
4165	17
4166	9
4167	15
4168	17
4169	11
4170	14
4171	8
4172	15
4173	8
4174	13
4175	8
4176	15
4177	6
4178	12
4179	6
4180	24
4181	9
4182	10
4183	9
4184	13
4185	10
4186	22
4187	4
4188	11
4189	6
4190	20
4191	6
4192	16
4193	25
4194	12
4195	14
4196	12
4197	6
4198	7
4199	4
4200	44
4201	6
4202	11
4203	17
4204	6
4205	9
4206	9
4207	10
4208	13
4209	12
4210	9
4211	9
4212	12
4213	7
4214	16
4215	6
4216	11
4217	6
4218	9
4219	7
4220	24
4221	11
4222	5
4223	6
4224	12
4225	9
4226	11
4227	6
4228	19
4229	4
4230	14
4231	13
4232	8
4233	10
4234	12
4235	10
4236	10
4237	4
4238	9
4239	11
4240	30
4241	6
4242	13
4243	10
4244	9
4245	18
4246	10
4247	6
4248	6
4249	10
4250	14
4251	12
4252	14
4253	12
4254	6
4255	7
4256	20
4257	8
4258	10
4259	6
4260	14
4261	7
4262	9
4263	13
4264	6
4265	9
4266	7
4267	7
4268	12
4269	5
4270	24
4271	10
4272	12
4273	9
4274	11
4275	11
4276	12
4277	5
4278	12
4279	6
4280	17
4281	9
4282	4
4283	7
4284	20
4285	9
4286	9
4287	4
4288	9
4289	7
4290	11
4291	8
4292	14
4293	9
4294	4
4295	8
4296	16
4297	3
4298	9
4299	4
4300	18
4301	8
4302	5
4303	6
4304	11
4305	8
4306	5
4307	7
4308	15
4309	7
4310	6
4311	7
4312	19
4313	5
4314	12
4315	6
4316	9
4317	12
4318	7
4319	11
4320	71
4321	7
4322	15
4323	9
4324	9
4325	7
4326	15
4327	7
4328	20
4329	5
4330	13
4331	7
4332	22
4333	13
4334	10
4335	10
4336	16
4337	7
4338	12
4339	9
4340	24
4341	8
4342	3
4343	6
4344	20
4345	7
4346	8
4347	12
4348	12
4349	7
4350	12
4351	5
4352	15
4353	8
4354	15
4355	4
4356	15
4357	8
4358	9
4359	7
4360	29
4361	13
4362	12
4363	9
4364	14
4365	16
4366	10
4367	4
4368	33
4369	9
4370	12
4371	10
4372	9
4373	10
4374	13
4375	7
4376	14
4377	7
4378	10
4379	6
4380	18
4381	5
4382	15
4383	9
4384	17
4385	12
4386	8
4387	7
4388	10
4389	11
4390	14
4391	8
4392	16
4393	8
4394	7
4395	15
4396	10
4397	10
4398	7
4399	4
4400	22
4401	5
4402	12
4403	12
4404	14
4405	9
4406	10
4407	5
4408	9
4409	6
4410	23
4411	9
4412	9
4413	7
4414	15
4415	9
4416	13
4417	6
4418	10
4419	10
4420	15
4421	8
4422	8
4423	6
4424	15
4425	8
4426	5
4427	7
4428	14
4429	8
4430	14
4431	8
4432	13
4433	4
4434	12
4435	6
4436	8
4437	7
4438	9
4439	8
4440	18
4441	7
4442	10
4443	6
4444	13
4445	12
4446	5
4447	10
4448	13
4449	3
4450	12
4451	11
4452	15
4453	8
4454	12
4455	6
4456	15
4457	7
4458	8
4459	6
4460	12
4461	9
4462	9
4463	2
4464	9
4465	6
4466	14
4467	13
4468	7
4469	11
4470	8
4471	1
4472	10
4473	8
4474	10
4475	6
4476	12
4477	2
4478	10
4479	5
4480	30
4481	5
4482	13
4483	9
4484	9
4485	5
4486	5
4487	10
4488	19
4489	7
4490	11
4491	7
4492	18
4493	6
4494	14
4495	10
4496	10
4497	6
4498	10
4499	7
4500	22
4501	5
4502	8
4503	9
4504	14
4505	7
4506	11
4507	18
4508	24
4509	14
4510	10
4511	7
4512	16
4513	4
4514	5
4515	9
4516	4
4517	9
4518	6
4519	5
4520	14
4521	5
4522	13
4523	10
4524	12
4525	7
4526	8
4527	7
4528	14
4529	8
4530	13
4531	5
4532	10
4533	7
4534	9
4535	11
4536	18
4537	11
4538	7
4539	7
4540	21
4541	8
4542	14
4543	8
4544	11
4545	17
4546	5
4547	5
4548	8
4549	7
4550	16
4551	10
4552	9
4553	4
4554	13
4555	14
4556	11
4557	9
4558	8
4559	12
4560	12
4561	7
4562	13
4563	4
4564	13
4565	9
4566	9
4567	6
4568	8
4569	9
4570	15
4571	5
4572	10
4573	9
4574	6
4575	12
4576	11
4577	9
4578	21
4579	8
4580	11
4581	10
4582	12
4583	11
4584	7
4585	7
4586	10
4587	5
4588	14
4589	2
4590	17
4591	5
4592	15
4593	6
4594	8
4595	9
4596	11
4597	4
4598	6
4599	9
4600	11
4601	8
4602	5
4603	8
4604	10
4605	5
4606	16
4607	8
4608	9
4609	4
4610	10
4611	3
4612	8
4613	12
4614	8
4615	8
4616	5
4617	10
4618	6
4619	6
4620	25
4621	5
4622	6
4623	7
4624	10
4625	7
4626	10
4627	13
4628	12
4629	4
4630	12
4631	6
4632	11
4633	10
4634	9
4635	8
4636	5
4637	4
4638	11
4639	10
4640	12
4641	11
4642	5
4643	14
4644	8
4645	16
4646	4
4647	9
4648	22
4649	7
4650	9
4651	5
4652	5
4653	8
4654	11
4655	7
4656	11
4657	4
4658	6
4659	4
4660	14
4661	2
4662	11
4663	4
4664	8
4665	5
4666	6
4667	6
4668	8
4669	10
4670	8
4671	4
4672	7
4673	5
4674	7
4675	7
4676	10
4677	4
4678	3
4679	1
4680	14
4681	3
4682	4
4683	6
4684	11
4685	12
4686	9
4687	1
4688	6
4689	5
4690	15
4691	7
4692	10
4693	4
4694	8
4695	4
4696	19
4697	1
4698	6
4699	8
4700	8
4701	2
4702	7
4703	4
4704	11
4705	13
4706	6
4707	6
4708	7
4709	8
4710	6
4711	4
4712	13
4713	6
4714	5
4715	5
4716	2
4717	9
4718	12
4719	7
4720	14
4721	2
4722	9
4723	2
4724	17
4725	11
4726	6
4727	6
4728	7
4729	6
4730	5
4731	6
4732	13
4733	10
4734	7
4735	3
4736	9
4737	3
4738	8
4739	8
4740	17
4741	8
4742	12
4743	4
4744	7
4745	5
4746	9
4747	5
4748	5
4749	5
4750	10
4751	4
4752	8
4753	9
4754	5
4755	11
4756	5
4757	6
4758	7
4759	3
4760	25
4761	7
4762	7
4763	3
4764	7
4765	6
4766	10
4767	5
4768	10
4769	5
4770	9
4771	8
4772	7
4773	7
4774	8
4775	7
4776	8
4777	5
4778	12
4779	4
4780	12
4781	13
4782	15
4783	9
4784	7
4785	10
4786	6
4787	5
4788	11
4789	5
4790	12
4791	3
4792	8
4793	3
4794	6
4795	8
4796	8
4797	7
4798	5
4799	6
4800	73
4801	6
4802	6
4803	10
4804	9
4805	5
4806	10
4807	8
4808	8
4809	10
4810	12
4811	3
4812	17
4813	6
4814	9
4815	9
4816	23
4817	6
4818	7
4819	5
4820	14
4821	6
4822	8
4823	6
4824	9
4825	10
4826	10
4827	5
4828	16
4829	5
4830	18
4831	7
4832	17
4833	6
4834	8
4835	5
4836	10
4837	9
4838	6
4839	4
4840	26
4841	4
4842	3
4843	3
4844	9
4845	9
4846	8
4847	6
4848	20
4849	9
4850	17
4851	6
4852	12
4853	4
4854	9
4855	7
4856	10
4857	10
4858	9
4859	3
4860	33
4861	4
4862	13
4863	4
4864	14
4865	7
4866	5
4867	6
4868	8
4869	6
4870	15
4871	3
4872	15
4873	10
4874	6
4875	5
4876	5
4877	5
4878	7
4879	2
4880	20
4881	6
4882	3
4883	5
4884	16
4885	9
4886	7
4887	6
4888	8
4889	4
4890	12
4891	7
4892	10
4893	7
4894	6
4895	5
4896	15
4897	9
4898	4
4899	4
4900	20
4901	2
4902	9
4903	6
4904	11
4905	3
4906	8
4907	8
4908	9
4909	6
4910	8
4911	7
4912	10
4913	3
4914	10
4915	5
4916	8
4917	3
4918	6
4919	5
4920	22
4921	3
4922	5
4923	5
4924	8
4925	4
4926	9
4927	6
4928	16
4929	5
4930	9
4931	1
4932	12
4933	7
4934	8
4935	9
4936	12
4937	7
4938	14
4939	4
4940	10
4941	5
4942	13
4943	5
4944	10
4945	8
4946	9
4947	5
4948	6
4949	7
4950	10
4951	4
4952	10
4953	4
4954	5
4955	5
4956	15
4957	7
4958	4
4959	3
4960	14
4961	4
4962	5
4963	6
4964	12
4965	6
4966	8
4967	4
4968	15
4969	1
4970	13
4971	6
4972	6
4973	6
4974	2
4975	5
4976	9
4977	7
4978	7
4979	7
4980	12
4981	12
4982	7
4983	8
4984	12
4985	6
4986	6
4987	8
4988	10
4989	4
4990	14
4991	6
4992	12
4993	2
4994	3
4995	3
4996	4
4997	5
4998	11
4999	4
5000	1929
5001	2
5002	84
5003	25
5004	74
5005	14
5006	29
5007	16
5008	37
5009	10
5010	17
5011	9
5012	28
5013	8
5014	16
5015	5
5016	33
5017	5
5018	9
5019	6
5020	19
5021	8
5022	12
5023	7
5024	19
5025	10
5026	15
5027	6
5028	8
5029	6
5030	10
5031	4
5032	13
5033	9
5034	4
5035	6
5036	10
5037	6
5038	9
5039	6
5040	48
5041	3
5042	7
5043	4
5044	8
5045	10
5046	11
5047	6
5048	11
5049	9
5050	7
5051	4
5052	10
5053	4
5054	8
5055	5
5056	9
5057	6
5058	8
5059	5
5060	13
5061	2
5062	13
5063	7
5064	8
5065	8
5066	7
5067	5
5068	11
5069	7
5070	10
5071	5
5072	17
5073	8
5074	3
5075	8
5076	7
5077	1
5078	7
5079	5
5080	14
5081	1
5082	10
5083	4
5084	4
5085	3
5086	8
5087	6
5088	9
5089	5
5090	7
5091	6
5092	9
5093	3
5094	13
5095	7
5096	7
5097	4
5098	6
5099	6
5100	13
5101	8
5102	6
5103	9
5104	12
5105	9
5106	13
5107	7
5108	10
5109	7
5110	6
5111	3
5112	11
5113	10
5114	9
5115	6
5116	12
5117	10
5118	8
5119	6
5120	39
5121	3
5122	7
5123	4
5124	17
5125	5
5126	8
5127	9
5128	11
5129	8
5130	8
5131	6
5132	11
5133	6
5134	3
5135	7
5136	15
5137	6
5138	2
5139	2
5140	13
5141	5
5142	13
5143	3
5144	13
5145	4
5146	7
5147	5
5148	7
5149	10
5150	7
5151	7
5152	18
5153	9
5154	7
5155	2
5156	6
5157	6
5158	6
5159	9
5160	10
5161	7
5162	7
5163	5
5164	14
5165	4
5166	10
5167	2
5168	11
5169	9
5170	6
5171	6
5172	11
5173	12
5174	3
5175	8
5176	10
5177	3
5178	8
5179	6
5180	22
5181	5
5182	4
5183	7
5184	17
5185	5
5186	6
5187	9
5188	8
5189	4
5190	7
5191	3
5192	12
5193	4
5194	12
5195	5
5196	8
5197	5
5198	7
5199	6
5200	18
5201	9
5202	3
5203	2
5204	8
5205	4
5206	3
5207	4
5208	7
5209	5
5210	6
5211	4
5212	6
5213	3
5214	11
5215	7
5216	9
5217	7
5218	2
5219	6
5220	13
5221	5
5222	7
5223	7
5224	6
5225	6
5226	8
5227	6
5228	8
5229	3
5230	7
5231	6
5232	12
5233	4
5234	6
5235	4
5236	11
5237	6
5238	4
5239	3
5240	8
5241	5
5242	7
5243	6
5244	6
5245	5
5246	1
5247	3
5248	11
5249	5
5250	7
5251	5
5252	4
5253	4
5254	2
5255	6
5256	7
5257	9
5258	5
5259	5
5260	8
5261	4
5262	8
5263	6
5264	10
5265	9
5266	7
5267	1
5268	8
5269	7
5270	10
5271	6
5272	11
5273	2
5274	5
5275	5
5276	5
5277	5
5278	12
5279	1
5280	13
5281	2
5282	6
5283	4
5284	10
5285	9
5286	8
5287	5
5288	11
5289	2
5290	5
5291	3
5292	14
5293	7
5294	6
5295	4
5296	10
5297	4
5298	2
5299	8
5300	10
5301	3
5302	5
5303	5
5304	12
5305	5
5306	9
5307	3
5308	16
5309	6
5310	5
5311	5
5312	8
5313	4
5314	9
5315	9
5316	6
5317	4
5318	6
5319	5
5320	20
5321	3
5322	7
5323	3
5324	6
5325	6
5326	3
5327	9
5328	14
5329	5
5330	7
5331	1
5332	2
5333	5
5334	2
5335	6
5336	3
5337	3
5338	6
5339	2
5340	14
5341	6
5342	5
5343	5
5344	1
5345	7
5346	7
5347	1
5348	13
5349	6
5350	6
5351	7
5352	8
5353	3
5354	12
5355	5
5356	2
5357	10
5358	5
5359	6
5360	6
5361	3
5362	11
5363	6
5364	8
5365	6
5366	6
5367	4
5368	8
5369	3
5370	7
5371	3
5372	7
5373	8
5374	8
5375	1
5376	15
5377	3
5378	10
5379	3
5380	8
5381	6
5382	4
5383	8
5384	13
5385	6
5386	6
5387	4
5388	7
5389	2
5390	11
5391	4
5392	12
5393	6
5394	2
5395	6
5396	6
5397	8
5398	1
5399	4
5400	47
5401	5
5402	16
5403	5
5404	13
5405	9
5406	11
5407	6
5408	11
5409	4
5410	11
5411	3
5412	7
5414	1
5415	7
5416	9
5417	3
5418	11
5419	3
5420	9
5421	5
5422	6
5423	5
5424	12
5425	5
5426	4
5427	4
5428	4
5429	3
5430	11
5431	4
5432	11
5433	2
5434	4
5435	6
5436	6
5437	4
5438	3
5439	10
5440	14
5441	4
5442	7
5443	4
5444	5
5445	10
5446	8
5447	3
5448	15
5449	2
5450	8
5451	5
5452	6
5453	13
5454	10
5455	2
5456	9
5457	4
5458	8
5459	5
5460	19
5461	3
5462	7
5463	4
5464	10
5465	4
5466	6
5467	7
5468	8
5469	7
5470	5
5471	2
5472	8
5473	5
5474	6
5475	7
5476	2
5477	5
5478	3
5479	4
5480	11
5481	6
5482	2
5483	6
5484	5
5485	5
5486	4
5487	3
5488	12
5489	3
5490	7
5491	3
5492	2
5493	1
5494	3
5495	6
5496	5
5497	5
5498	1
5499	7
5500	6
5501	3
5502	6
5503	2
5504	9
5505	8
5506	3
5507	4
5508	4
5509	4
5510	6
5511	5
5512	7
5513	5
5514	10
5515	6
5516	14
5517	3
5518	3
5519	4
5520	7
5521	2
5522	5
5523	12
5524	4
5525	2
5526	5
5527	4
5528	7
5529	5
5530	10
5531	4
5532	9
5533	3
5534	8
5535	6
5536	4
5537	3
5538	3
5540	9
5541	10
5542	7
5543	1
5544	12
5545	4
5546	6
5547	2
5548	5
5549	5
5550	14
5551	3
5552	5
5553	3
5554	3
5555	4
5556	4
5557	3
5558	7
5559	4
5560	9
5561	3
5562	4
5563	6
5564	6
5565	3
5566	6
5567	1
5568	5
5569	4
5570	7
5571	3
5572	13
5573	2
5574	6
5575	3
5576	5
5577	5
5578	3
5579	4
5580	8
5581	5
5582	6
5583	3
5584	7
5585	4
5586	5
5587	2
5588	8
5589	2
5590	5
5592	8
5593	4
5594	5
5595	3
5596	6
5597	10
5598	4
5599	2
5600	17
5601	4
5602	4
5603	5
5604	16
5605	3
5606	3
5607	4
5608	7
5609	3
5610	9
5611	4
5612	7
5613	3
5614	6
5615	2
5616	6
5617	1
5618	2
5619	2
5620	9
5621	5
5622	4
5623	5
5624	9
5625	6
5626	4
5627	2
5628	9
5629	5
5630	5
5631	4
5632	8
5633	5
5634	5
5635	2
5636	6
5637	3
5638	4
5639	2
5640	11
5641	3
5642	6
5643	3
5644	7
5645	4
5646	4
5647	1
5648	7
5649	8
5650	2
5651	3
5652	7
5653	2
5654	6
5655	8
5656	14
5657	2
5658	3
5659	4
5660	6
5661	4
5662	2
5663	4
5664	5
5665	5
5666	4
5667	4
5668	2
5669	4
5670	12
5672	6
5673	2
5674	3
5675	4
5676	8
5677	6
5678	3
5679	3
5680	5
5681	4
5682	6
5683	6
5684	7
5685	3
5686	2
5687	4
5688	4
5689	2
5690	7
5691	2
5692	1
5693	4
5694	5
5695	6
5696	6
5697	4
5698	7
5699	2
5700	11
5701	3
5702	3
5703	4
5704	7
5705	8
5706	3
5707	6
5708	4
5709	2
5710	12
5711	6
5712	7
5713	2
5714	3
5715	6
5716	6
5717	3
5718	3
5719	8
5720	8
5721	3
5722	5
5723	5
5724	5
5725	5
5726	7
5727	3
5728	4
5729	2
5730	5
5731	5
5732	5
5733	8
5734	4
5735	6
5736	6
5737	1
5738	3
5739	3
5740	16
5741	5
5742	6
5743	11
5744	2
5745	5
5746	3
5747	4
5748	7
5749	3
5750	5
5751	4
5752	6
5753	3
5754	4
5755	5
5756	6
5757	3
5758	2
5759	3
5760	24
5761	6
5762	7
5763	2
5764	7
5765	7
5766	6
5767	11
5768	8
5769	6
5770	6
5771	3
5772	12
5773	5
5774	5
5775	5
5776	7
5777	1
5778	4
5779	5
5780	9
5781	2
5782	1
5783	4
5784	15
5785	2
5786	3
5787	2
5788	2
5789	3
5790	4
5791	5
5792	8
5793	7
5794	4
5795	4
5796	13
5797	3
5798	5
5799	2
5800	10
5801	2
5802	7
5803	3
5804	5
5805	6
5806	3
5807	6
5808	10
5809	1
5810	5
5811	5
5812	8
5813	1
5814	5
5815	5
5816	6
5817	3
5818	6
5819	3
5820	8
5821	3
5822	6
5823	2
5824	8
5825	2
5826	6
5827	2
5828	7
5829	6
5830	4
5831	3
5832	9
5833	4
5834	7
5835	1
5836	9
5837	5
5838	11
5840	6
5841	5
5842	2
5843	3
5844	5
5845	5
5846	4
5847	7
5848	2
5849	5
5850	10
5851	7
5852	4
5853	1
5854	3
5855	3
5856	11
5857	2
5859	4
5860	8
5861	3
5862	6
5863	2
5864	2
5865	3
5866	2
5867	4
5868	4
5869	3
5870	6
5871	5
5872	1
5873	4
5874	3
5876	4
5877	3
5878	3
5879	1
5880	15
5881	7
5882	7
5883	5
5884	3
5885	1
5886	10
5887	1
5888	7
5889	4
5890	3
5891	7
5892	4
5893	1
5894	3
5895	3
5896	10
5897	3
5898	5
5899	2
5900	6
5901	4
5902	4
5903	5
5904	3
5905	7
5906	6
5908	10
5909	2
5910	5
5911	5
5912	4
5913	2
5914	5
5915	6
5916	6
5917	4
5918	4
5919	6
5920	7
5921	2
5922	12
5923	4
5924	3
5925	7
5926	4
5927	3
5928	2
5929	3
5930	3
5931	4
5932	3
5933	4
5934	6
5935	7
5936	11
5937	2
5938	6
5939	1
5940	7
5941	6
5942	3
5943	1
5944	10
5945	3
5946	3
5948	8
5949	6
5950	8
5951	2
5952	6
5953	3
5954	4
5955	7
5956	5
5957	4
5958	3
5959	3
5960	7
5961	3
5962	4
5963	3
5964	10
5965	3
5966	6
5967	1
5968	5
5969	2
5970	5
5971	2
5972	4
5973	2
5974	5
5975	5
5976	9
5977	4
5978	2
5979	4
5980	3
5981	1
5982	1
5983	4
5984	4
5985	2
5986	2
5987	4
5988	6
5989	9
5990	2
5991	3
5992	8
5993	3
5994	5
5995	5
5996	5
5997	1
5998	3
5999	5
6000	22
6001	2
6002	2
6003	1
6004	5
6005	2
6006	1
6007	3
6008	7
6009	2
6010	6
6011	2
6012	5
6013	2
6014	4
6015	5
6016	9
6018	1
6019	1
6020	5
6021	3
6022	3
6024	6
6025	1
6026	6
6027	4
6028	8
6029	3
6030	5
6031	3
6032	7
6033	2
6034	8
6036	7
6037	1
6038	4
6039	2
6040	14
6041	5
6042	4
6043	2
6044	3
6045	4
6046	1
6047	2
6048	2
6049	3
6050	8
6052	4
6053	3
6054	5
6055	4
6056	3
6057	5
6058	3
6059	2
6060	4
6061	6
6062	6
6064	5
6065	4
6066	2
6068	2
6069	2
6070	7
6071	2
6072	4
6073	1
6074	6
6075	8
6076	8
6077	4
6078	5
6079	3
6080	9
6081	2
6082	3
6083	4
6084	6
6085	6
6086	8
6087	3
6088	4
6090	9
6091	3
6092	4
6093	2
6094	7
6095	5
6096	5
6097	1
6098	3
6099	4
6100	3
6102	4
6103	5
6104	1
6105	3
6106	4
6107	1
6108	3
6109	3
6110	4
6111	4
6113	2
6114	1
6115	2
6116	4
6117	2
6118	3
6119	7
6120	7
6122	3
6123	2
6124	3
6125	2
6126	8
6127	4
6128	3
6129	4
6130	2
6132	6
6133	2
6134	3
6135	1
6136	1
6137	3
6138	3
6139	1
6140	3
6143	4
6144	4
6145	2
6146	4
6147	3
6148	3
6149	2
6150	4
6151	2
6152	5
6153	1
6154	3
6155	2
6156	4
6157	1
6158	2
6159	5
6160	16
6161	1
6162	5
6163	5
6164	1
6165	4
6166	2
6167	2
6168	4
6169	4
6170	5
6171	1
6172	3
6173	4
6174	2
6176	2
6177	5
6178	1
6179	2
6180	8
6181	2
6182	2
6183	4
6184	4
6185	3
6186	2
6187	1
6188	4
6189	1
6190	3
6191	2
6192	2
6193	2
6194	2
6195	2
6196	5
6197	4
6198	4
6199	1
6200	9
6203	5
6204	3
6205	1
6206	8
6207	2
6208	5
6209	2
6210	3
6211	2
6212	2
6213	4
6214	5
6215	2
6216	5
6217	2
6218	3
6219	4
6220	5
6222	2
6223	3
6224	6
6225	3
6226	4
6227	2
6228	7
6229	1
6230	4
6231	2
6232	6
6233	1
6234	1
6235	4
6236	2
6237	3
6238	3
6239	3
6240	7
6241	4
6242	1
6243	2
6244	5
6245	2
6246	3
6247	1
6248	4
6249	6
6250	7
6251	4
6252	3
6253	1
6254	2
6255	2
6256	2
6257	5
6258	6
6259	3
6260	6
6261	5
6262	3
6263	5
6264	5
6265	5
6266	2
6268	2
6269	3
6270	2
6271	3
6272	9
6273	2
6274	4
6275	2
6276	6
6277	1
6278	2
6279	1
6280	8
6281	4
6282	1
6284	1
6285	3
6286	4
6287	1
6288	1
6289	3
6290	2
6291	4
6292	4
6293	2
6294	3
6295	2
6296	2
6297	3
6299	1
6300	14
6303	1
6304	1
6305	1
6306	3
6307	5
6308	3
6309	3
6310	2
6311	4
6312	3
6313	1
6314	3
6315	1
6316	1
6317	3
6318	3
6319	2
6320	3
6321	5
6322	4
6324	7
6325	3
6326	2
6328	2
6329	2
6330	5
6331	1
6332	2
6334	2
6335	4
6336	3
6337	5
6338	3
6339	3
6340	4
6341	1
6342	1
6343	2
6344	4
6345	2
6346	2
6347	2
6348	2
6349	2
6350	1
6351	3
6352	4
6353	5
6355	1
6356	7
6357	5
6358	3
6360	6
6361	3
6362	3
6363	5
6364	2
6365	2
6366	2
6367	1
6368	2
6369	4
6370	5
6371	2
6372	4
6373	2
6374	1
6375	3
6377	2
6378	2
6380	1
6381	2
6383	1
6384	3
6385	3
6386	2
6388	1
6389	1
6390	3
6394	3
6395	2
6396	2
6397	5
6398	2
6399	3
6400	37
6401	3
6402	3
6404	5
6405	5
6406	1
6407	2
6408	8
6410	3
6411	4
6412	5
6413	2
6414	4
6415	6
6416	8
6417	1
6418	5
6419	1
6420	9
6421	1
6422	1
6423	5
6424	7
6425	3
6426	2
6427	2
6428	6
6429	3
6430	8
6432	5
6433	3
6434	4
6435	5
6436	3
6437	2
6438	6
6439	3
6440	10
6441	2
6442	2
6443	1
6444	3
6445	6
6446	5
6447	2
6448	2
6449	4
6450	5
6451	2
6452	6
6453	2
6454	2
6455	2
6456	1
6457	3
6458	4
6459	5
6460	5
6461	2
6462	3
6464	6
6465	5
6466	1
6467	2
6468	8
6469	3
6470	6
6471	5
6472	3
6473	1
6474	1
6475	1
6476	6
6477	2
6478	2
6479	1
6480	25
6481	3
6482	7
6483	8
6484	3
6485	1
6486	4
6487	3
6488	4
6489	4
6490	8
6491	2
6492	8
6493	2
6494	5
6495	4
6496	11
6497	2
6498	4
6499	2
6500	7
6501	3
6502	3
6503	2
6504	8
6505	3
6506	3
6507	3
6508	1
6509	4
6510	7
6511	2
6512	4
6513	1
6514	5
6515	5
6516	2
6517	2
6518	3
6519	3
6520	2
6521	1
6522	3
6523	1
6524	5
6525	2
6526	4
6527	2
6528	4
6529	2
6530	3
6531	2
6532	1
6533	1
6534	3
6535	6
6536	3
6537	7
6538	3
6539	3
6540	3
6541	3
6542	1
6543	2
6544	6
6545	2
6546	2
6547	3
6548	3
6550	3
6551	1
6552	6
6553	4
6554	4
6555	4
6556	1
6557	3
6558	4
6559	1
6560	7
6561	1
6562	4
6563	1
6564	3
6565	4
6566	1
6567	2
6568	3
6569	2
6570	4
6571	1
6572	1
6573	4
6574	4
6577	3
6578	5
6579	1
6580	4
6581	1
6582	2
6583	3
6584	3
6585	4
6586	3
6587	1
6588	2
6589	1
6590	3
6591	1
6592	5
6593	4
6594	6
6595	5
6596	6
6597	4
6598	1
6599	2
6600	5
6601	5
6602	5
6603	3
6604	1
6605	1
6606	5
6607	2
6608	8
6609	1
6610	6
6611	1
6612	3
6613	2
6614	1
6615	3
6616	3
6617	1
6618	2
6619	1
6620	4
6621	1
6622	1
6623	2
6624	3
6625	3
6626	2
6627	2
6628	3
6629	4
6630	3
6631	1
6632	5
6634	4
6635	3
6636	5
6637	1
6638	1
6639	3
6640	9
6641	1
6642	1
6643	4
6644	1
6645	2
6646	2
6647	2
6648	4
6649	1
6650	5
6651	3
6652	5
6654	8
6655	3
6656	2
6657	3
6658	4
6659	1
6660	7
6661	2
6662	2
6663	2
6664	2
6665	2
6666	2
6667	3
6668	3
6670	1
6672	5
6673	1
6675	6
6676	1
6677	3
6678	3
6679	1
6680	4
6681	2
6682	5
6683	1
6684	3
6685	4
6686	1
6687	4
6688	4
6689	1
6690	4
6692	2
6693	1
6694	3
6695	1
6696	3
6697	1
6698	2
6699	1
6701	2
6702	3
6703	3
6704	6
6705	2
6706	4
6708	2
6709	1
6711	1
6712	2
6713	4
6714	1
6715	4
6716	1
6717	1
6718	1
6720	19
6721	3
6722	3
6723	4
6724	4
6725	1
6726	6
6727	1
6728	5
6729	1
6730	1
6731	1
6732	1
6733	1
6734	3
6736	2
6737	5
6738	3
6740	1
6741	4
6742	5
6744	4
6745	1
6746	2
6747	2
6748	4
6750	12
6751	2
6752	6
6753	2
6754	1
6755	4
6756	2
6757	3
6758	4
6759	2
6760	5
6761	1
6762	3
6763	2
6764	8
6765	2
6766	1
6767	2
6768	3
6769	2
6770	6
6771	4
6773	2
6774	5
6775	2
6776	9
6777	3
6778	1
6779	2
6780	2
6782	2
6783	2
6784	4
6785	3
6786	3
6787	1
6788	3
6789	1
6790	7
6791	2
6792	2
6793	2
6794	2
6795	4
6798	1
6799	1
6800	11
6801	2
6802	1
6803	3
6804	2
6805	3
6806	2
6807	3
6808	4
6810	5
6811	3
6812	2
6814	5
6815	2
6816	7
6817	3
6818	2
6819	2
6820	4
6822	6
6823	2
6824	7
6825	1
6826	4
6827	1
6828	5
6829	2
6830	2
6831	2
6832	7
6833	2
6834	3
6835	3
6838	1
6839	1
6840	4
6842	1
6843	2
6844	3
6846	2
6847	1
6848	6
6849	1
6850	4
6852	3
6853	4
6855	1
6856	3
6857	1
6858	3
6859	2
6860	6
6861	2
6864	5
6866	2
6867	2
6868	1
6869	3
6870	3
6871	3
6872	1
6873	3
6874	1
6875	2
6876	1
6878	1
6879	3
6880	4
6881	3
6882	2
6883	2
6884	4
6885	2
6886	1
6887	1
6888	6
6889	3
6890	2
6891	3
6892	3
6893	1
6894	3
6895	1
6896	2
6897	3
6899	1
6900	6
6901	3
6902	2
6903	2
6904	2
6905	1
6906	1
6908	2
6909	4
6910	2
6911	2
6912	3
6913	4
6914	3
6916	7
6917	3
6918	1
6919	1
6920	5
6921	1
6922	1
6923	2
6924	2
6925	3
6926	1
6927	2
6928	2
6929	1
6930	3
6931	2
6932	1
6933	4
6934	2
6935	5
6936	4
6937	1
6938	3
6939	4
6940	2
6941	1
6942	5
6944	5
6945	1
6946	2
6948	3
6949	2
6950	2
6951	2
6952	1
6953	2
6954	4
6955	3
6957	1
6958	2
6959	1
6960	7
6961	2
6962	2
6964	4
6965	1
6967	3
6968	2
6969	3
6970	4
6971	4
6972	5
6974	3
6975	1
6976	3
6977	2
6979	1
6980	2
6981	6
6982	1
6983	1
6988	3
6989	3
6990	3
6992	1
6993	2
6995	1
6996	2
6997	1
6998	2
6999	3
7000	12
7001	2
7002	3
7003	2
7005	1
7006	2
7007	4
7008	4
7010	4
7012	3
7013	3
7014	3
7015	2
7016	2
7017	1
7018	1
7020	4
7021	4
7022	3
7024	2
7025	2
7026	1
7027	1
7028	2
7029	1
7030	2
7031	2
7032	4
7034	2
7036	1
7037	1
7038	3
7039	2
7040	2
7041	1
7042	4
7043	1
7044	3
7045	1
7046	1
7048	6
7049	1
7050	3
7051	2
7052	3
7053	2
7054	3
7055	3
7056	3
7059	2
7062	1
7064	2
7065	3
7067	3
7068	1
7070	4
7071	2
7072	5
7073	1
7074	3
7075	5
7076	2
7077	3
7078	1
7081	2
7082	1
7083	1
7084	4
7085	1
7086	2
7087	1
7088	4
7089	2
7090	1
7091	2
7092	1
7093	1
7094	4
7095	1
7096	5
7097	1
7098	3
7099	3
7100	3
7101	1
7102	1
7104	1
7105	3
7106	4
7107	5
7108	1
7109	3
7110	2
7111	3
7112	2
7113	1
7115	2
7116	2
7117	2
7118	1
7119	1
7120	1
7121	2
7122	2
7123	1
7124	3
7125	2
7126	1
7128	3
7129	1
7130	2
7132	1
7134	1
7135	1
7136	1
7137	1
7138	1
7139	1
7140	4
7142	1
7144	2
7146	1
7147	1
7148	2
7150	5
7152	2
7154	1
7155	3
7156	3
7158	2
7159	1
7160	2
7162	1
7164	4
7165	3
7166	4
7167	2
7168	1
7169	2
7170	3
7172	4
7174	1
7176	4
7177	2
7178	1
7179	1
7180	1
7181	3
7182	3
7185	2
7187	3
7188	1
7189	4
7190	5
7196	2
7197	1
7198	2
7200	33
7203	3
7204	3
7205	2
7206	1
7207	2
7208	5
7210	2
7212	6
7213	2
7214	6
7215	3
7216	6
7217	3
7218	3
7220	6
7222	1
7223	4
7224	7
7225	1
7226	1
7227	1
7228	2
7230	4
7232	7
7234	2
7235	1
7236	2
7237	1
7238	2
7239	1
7240	4
7241	2
7243	4
7244	5
7245	3
7248	2
7249	2
7250	3
7251	1
7252	1
7253	1
7254	1
7255	1
7256	4
7257	1
7258	2
7259	1
7260	6
7262	1
7264	3
7265	1
7266	2
7267	3
7268	2
7270	3
7271	2
7272	1
7273	5
7274	1
7275	2
7277	2
7278	4
7279	1
7280	6
7282	4
7283	2
7284	2
7286	2
7287	1
7288	1
7290	3
7293	4
7294	1
7296	7
7297	5
7298	2
7299	1
7300	5
7301	2
7302	2
7304	1
7305	1
7306	1
7308	2
7309	2
7310	3
7311	3
7312	5
7313	2
7314	4
7315	3
7316	1
7317	2
7319	2
7320	2
7321	3
7323	1
7325	2
7326	3
7328	2
7329	1
7330	4
7332	2
7333	2
7334	1
7335	2
7336	1
7337	1
7338	1
7339	1
7340	2
7343	2
7344	1
7345	3
7346	2
7347	1
7350	3
7351	1
7352	2
7353	1
7354	2
7355	3
7356	2
7357	1
7358	1
7359	2
7360	4
7361	2
7362	4
7364	3
7366	1
7368	2
7369	1
7370	1
7371	1
7372	2
7374	1
7376	2
7377	2
7378	3
7380	3
7382	1
7383	2
7384	2
7385	4
7386	4
7387	1
7388	3
7389	1
7390	3
7392	4
7393	3
7395	2
7396	2
7397	2
7398	1
7399	2
7400	3
7401	2
7402	1
7403	1
7404	4
7409	1
7410	2
7412	2
7413	2
7414	3
7415	1
7416	4
7419	2
7420	3
7421	1
7422	2
7424	2
7425	3
7426	3
7428	4
7429	1
7430	1
7431	1
7432	2
7433	2
7434	3
7435	2
7436	1
7437	1
7438	4
7439	4
7440	4
7441	1
7442	1
7443	1
7444	2
7446	2
7447	1
7448	1
7449	1
7450	1
7451	2
7452	2
7454	1
7455	2
7456	2
7457	2
7459	1
7460	3
7462	2
7464	1
7465	1
7466	2
7467	1
7468	1
7469	1
7471	1
7472	1
7473	3
7474	1
7475	3
7476	3
7477	1
7478	1
7481	1
7482	1
7483	2
7484	2
7485	3
7486	1
7487	1
7488	2
7491	1
7492	1
7493	3
7494	2
7495	2
7496	1
7497	1
7498	1
7500	2
7501	2
7502	1
7503	1
7504	3
7505	1
7506	1
7507	1
7508	2
7509	1
7510	1
7511	1
7512	2
7513	1
7516	2
7517	1
7518	5
7520	2
7522	1
7523	1
7526	3
7528	3
7529	1
7530	1
7533	1
7534	2
7535	1
7536	2
7537	2
7538	2
7539	1
7540	3
7541	1
7542	1
7544	1
7545	3
7546	2
7547	1
7550	1
7551	1
7554	3
7558	1
7560	6
7561	1
7562	2
7564	2
7565	1
7567	1
7568	2
7570	1
7571	2
7572	3
7574	2
7575	1
7576	1
7577	2
7578	1
7579	1
7580	1
7581	2
7582	2
7583	1
7584	5
7585	1
7586	3
7587	2
7588	2
7590	2
7591	1
7593	1
7595	1
7596	3
7597	2
7598	1
7599	3
7600	7
7601	1
7602	5
7603	1
7604	1
7605	1
7607	2
7609	2
7610	4
7611	1
7612	1
7613	3
7614	1
7615	1
7616	4
7617	3
7618	2
7620	6
7621	1
7624	1
7628	4
7630	2
7631	1
7632	2
7633	1
7634	2
7635	2
7637	2
7638	2
7639	1
7640	1
7641	3
7642	2
7643	4
7644	1
7647	1
7648	1
7650	1
7651	2
7652	1
7654	1
7655	2
7656	5
7658	1
7659	3
7660	2
7663	2
7664	2
7665	2
7666	1
7667	1
7668	1
7669	2
7670	2
7671	1
7672	5
7674	4
7676	1
7678	2
7679	1
7680	12
7683	1
7684	1
7685	1
7686	3
7688	4
7689	2
7691	1
7692	4
7693	1
7694	1
7695	2
7696	10
7697	2
7698	3
7700	7
7702	3
7703	1
7704	4
7705	5
7706	4
7707	1
7708	1
7710	2
7711	2
7712	6
7714	2
7715	2
7717	3
7718	1
7720	4
7721	1
7722	1
7725	2
7726	3
7727	3
7728	7
7730	2
7731	1
7732	1
7734	3
7735	1
7736	2
7737	1
7738	1
7739	2
7740	2
7741	1
7742	3
7744	3
7745	1
7746	2
7747	3
7748	1
7750	1
7752	4
7753	2
7756	4
7757	1
7758	4
7760	4
7761	3
7766	1
7768	2
7770	2
7771	3
7772	3
7773	1
7775	1
7776	6
7778	4
7781	1
7782	4
7784	4
7785	6
7786	1
7787	3
7788	3
7790	2
7791	1
7792	4
7793	1
7794	2
7796	1
7798	1
7799	2
7800	6
7801	2
7804	1
7805	1
7806	1
7808	3
7812	4
7816	2
7817	1
7818	1
7820	4
7821	2
7822	1
7823	1
7825	2
7826	4
7827	1
7828	1
7829	2
7831	1
7832	2
7834	1
7836	2
7837	1
7838	1
7840	8
7842	1
7843	1
7844	3
7845	2
7846	2
7847	1
7848	3
7849	2
7850	2
7851	1
7852	2
7855	1
7856	3
7858	2
7859	3
7860	3
7862	1
7864	3
7865	1
7866	1
7868	4
7869	2
7871	2
7872	3
7875	1
7876	4
7878	2
7879	1
7880	2
7882	1
7883	2
7884	2
7886	2
7887	1
7888	5
7891	1
7892	2
7893	1
7895	1
7896	1
7898	1
7900	2
7902	2
7903	1
7904	1
7905	2
7907	1
7908	3
7910	1
7911	1
7913	1
7915	2
7916	1
7917	1
7919	2
7920	1
7922	1
7925	2
7927	2
7930	2
7931	1
7932	1
7934	3
7937	2
7938	3
7940	1
7943	2
7944	2
7946	3
7947	1
7949	1
7950	2
7952	4
7955	2
7956	3
7959	1
7960	1
7961	2
7962	2
7964	3
7966	1
7968	2
7970	2
7971	1
7972	1
7973	1
7974	3
7975	2
7976	2
7977	1
7979	1
7980	1
7981	1
7982	1
7983	2
7984	4
7985	1
7986	2
7987	4
7988	2
7989	1
7990	1
7991	3
7992	1
7993	3
7994	3
7995	1
7996	1
8000	10
8001	1
8002	2
8004	1
8005	1
8006	2
8007	1
8008	1
8010	4
8011	1
8012	2
8013	2
8014	3
8015	2
8016	3
8017	2
8019	1
8020	6
8022	3
8025	2
8026	1
8027	1
8029	1
8030	1
8031	1
8033	1
8034	2
8035	3
8036	3
8037	3
8038	1
8039	1
8040	5
8041	1
8043	4
8045	3
8046	1
8047	2
8048	3
8049	1
8051	1
8052	1
8053	1
8054	1
8055	1
8056	2
8057	2
8059	1
8060	2
8062	1
8063	1
8064	4
8065	1
8066	1
8068	3
8070	2
8071	1
8074	1
8075	1
8077	1
8078	3
8079	3
8080	7
8081	1
8082	2
8085	2
8087	1
8088	2
8089	1
8090	3
8092	1
8093	1
8094	1
8095	3
8096	1
8098	1
8100	9
8101	1
8102	2
8103	1
8104	2
8106	1
8107	3
8110	2
8111	2
8112	2
8113	1
8115	3
8116	4
8117	2
8118	1
8119	1
8120	3
8121	2
8124	2
8125	4
8126	4
8127	1
8128	3
8130	4
8131	1
8132	2
8134	1
8135	1
8136	2
8137	2
8138	1
8139	1
8140	1
8142	1
8144	2
8145	2
8146	1
8147	2
8148	2
8149	1
8150	1
8151	2
8152	3
8153	1
8154	3
8155	1
8156	2
8157	3
8160	1
8162	2
8163	1
8165	1
8167	1
8168	2
8170	3
8171	1
8172	2
8174	2
8177	5
8178	2
8179	1
8180	4
8182	1
8183	2
8184	3
8187	1
8188	1
8190	1
8192	1
8193	1
8194	1
8195	1
8196	1
8197	1
8199	2
8200	1
8201	1
8202	1
8203	1
8204	2
8206	1
8207	1
8208	4
8210	2
8211	1
8213	2
8214	1
8215	1
8217	2
8218	5
8220	6
8221	1
8224	1
8225	1
8228	2
8229	1
8230	2
8231	2
8232	2
8233	2
8235	2
8236	1
8237	1
8238	1
8239	2
8240	3
8242	2
8243	1
8245	2
8246	1
8248	1
8250	4
8251	1
8253	1
8256	2
8257	1
8260	1
8261	1
8262	1
8265	2
8266	2
8267	2
8269	1
8270	1
8271	1
8272	1
8275	2
8276	2
8277	1
8278	2
8280	3
8281	1
8282	1
8284	1
8285	2
8286	1
8288	3
8290	1
8291	2
8292	2
8295	1
8296	2
8299	1
8300	1
8301	1
8303	2
8307	1
8308	1
8310	1
8311	1
8313	2
8315	3
8316	3
8318	1
8319	1
8320	1
8322	1
8327	2
8328	4
8330	3
8332	1
8334	2
8336	2
8339	1
8340	2
8342	1
8343	1
8344	1
8345	1
8349	1
8350	1
8351	1
8353	1
8354	3
8355	1
8356	1
8358	3
8359	2
8360	3
8364	1
8370	1
8372	1
8373	1
8374	3
8376	1
8377	1
8378	2
8379	1
8380	1
8383	1
8384	2
8385	3
8388	2
8389	1
8390	1
8393	1
8394	1
8395	2
8396	3
8400	6
8401	1
8404	3
8405	1
8406	3
8407	1
8408	1
8410	1
8411	1
8413	1
8414	1
8415	1
8416	1
8417	1
8419	2
8420	4
8421	2
8422	2
8423	4
8424	1
8427	1
8428	4
8431	1
8432	2
8433	1
8435	3
8436	2
8439	4
8440	2
8442	1
8443	1
8444	1
8445	1
8446	1
8448	1
8449	1
8450	2
8452	1
8453	1
8455	1
8456	2
8457	1
8458	2
8460	2
8461	1
8462	2
8463	1
8464	2
8465	1
8466	1
8470	5
8471	1
8472	1
8473	4
8475	1
8477	2
8479	1
8480	1
8481	1
8482	3
8484	1
8485	2
8490	1
8491	2
8494	2
8496	2
8498	2
8501	2
8502	1
8504	2
8505	1
8506	1
8510	3
8512	3
8514	1
8519	4
8520	1
8521	1
8522	1
8523	1
8524	1
8528	2
8531	1
8533	2
8534	1
8535	1
8537	1
8538	2
8540	2
8543	1
8545	1
8548	2
8549	1
8550	1
8552	3
8553	1
8556	1
8558	2
8560	5
8562	2
8566	2
8567	1
8568	1
8569	1
8570	1
8571	1
8573	1
8574	1
8576	2
8578	1
8580	2
8582	2
8584	1
8585	1
8586	2
8588	1
8589	1
8591	1
8592	1
8596	1
8597	2
8599	1
8600	1
8602	1
8603	2
8604	1
8605	1
8607	1
8608	1
8609	2
8610	1
8612	1
8613	1
8617	1
8618	1
8624	1
8625	1
8626	1
8630	2
8631	3
8632	3
8636	2
8640	14
8642	1
8645	2
8646	1
8648	1
8649	1
8650	3
8653	2
8654	1
8656	2
8657	1
8658	1
8660	1
8663	1
8664	2
8665	1
8666	1
8668	3
8671	2
8672	1
8673	1
8674	1
8675	2
8677	3
8679	1
8680	2
8681	1
8682	1
8683	1
8684	2
8685	1
8687	1
8688	2
8690	1
8692	4
8693	1
8694	1
8695	2
8696	1
8697	1
8698	1
8699	1
8700	3
8701	2
8702	1
8705	2
8706	1
8708	2
8709	1
8710	1
8712	1
8715	1
8717	2
8718	1
8720	3
8722	1
8723	1
8729	1
8731	1
8734	1
8736	3
8738	2
8739	1
8740	2
8745	1
8748	3
8749	2
8750	2
8753	3
8756	2
8757	1
8758	2
8759	1
8760	2
8761	2
8764	1
8765	1
8768	2
8769	3
8770	2
8774	3
8775	1
8776	1
8778	2
8779	1
8780	2
8783	2
8787	1
8789	2
8791	1
8793	2
8795	2
8796	3
8798	1
8799	2
8800	2
8801	3
8804	1
8805	1
8806	2
8808	1
8809	1
8810	1
8815	1
8816	2
8817	2
8819	2
8820	4
8824	2
8825	1
8826	3
8827	1
8832	3
8833	1
8836	2
8838	1
8839	1
8840	1
8841	1
8844	1
8846	2
8848	2
8849	1
8851	1
8852	1
8855	3
8856	1
8857	1
8859	1
8860	3
8862	2
8863	1
8864	2
8867	4
8868	1
8870	2
8872	3
8873	2
8875	1
8876	1
8877	1
8880	2
8881	1
8885	1
8886	1
8888	3
8890	1
8891	1
8892	4
8893	2
8894	1
8897	1
8900	2
8904	3
8906	1
8909	1
8911	2
8912	1
8915	1
8916	1
8918	1
8919	1
8920	4
8921	2
8924	4
8925	1
8926	1
8928	1
8933	1
8934	1
8935	1
8938	2
8940	1
8944	2
8945	1
8946	3
8947	1
8948	1
8950	2
8951	1
8952	1
8955	1
8957	1
8960	9
8964	3
8966	1
8968	1
8971	1
8972	1
8973	1
8974	4
8978	1
8982	1
8983	1
8984	1
8988	2
8989	2
8990	1
8995	1
8999	1
9000	3
9003	1
9004	1
9009	1
9010	2
9012	1
9013	2
9014	2
9015	2
9016	3
9021	1
9022	1
9026	1
9027	1
9028	2
9029	1
9030	2
9032	1
9033	1
9034	2
9036	1
9037	2
9039	1
9040	3
9042	1
9044	3
9045	1
9046	1
9050	1
9053	1
9054	1
9056	3
9060	1
9062	1
9064	3
9066	1
9067	1
9068	1
9070	2
9071	1
9078	2
9079	1
9080	3
9084	3
9086	1
9087	1
9088	2
9090	2
9091	1
9092	1
9093	1
9096	2
9097	1
9099	2
9100	3
9102	2
9104	2
9108	2
9109	1
9110	1
9114	1
9116	1
9118	1
9119	1
9120	4
9122	2
9124	1
9125	1
9127	1
9128	3
9133	2
9135	3
9136	2
9138	1
9140	4
9142	1
9144	1
9151	2
9156	2
9158	1
9160	2
9162	2
9169	3
9170	1
9172	1
9173	1
9174	2
9177	1
9180	3
9181	1
9183	1
9184	3
9186	1
9189	1
9195	1
9196	1
9198	2
9199	1
9200	1
9204	1
9205	1
9206	1
9207	1
9208	3
9211	1
9214	1
9216	1
9218	1
9220	1
9221	2
9226	2
9229	1
9230	1
9231	1
9233	2
9234	1
9238	1
9240	2
9246	2
9248	1
9250	5
9251	1
9254	1
9256	1
9257	1
9259	1
9260	2
9261	2
9264	1
9265	1
9267	1
9268	3
9270	1
9274	1
9275	1
9276	1
9280	3
9281	1
9284	1
9289	1
9294	2
9296	2
9297	1
9299	1
9300	1
9303	1
9305	1
9308	1
9316	1
9320	2
9325	1
9327	1
9328	1
9329	3
9330	1
9332	1
9333	1
9334	1
9335	1
9336	1
9338	2
9340	1
9344	2
9345	2
9346	1
9348	1
9351	1
9352	2
9354	1
9355	1
9360	1
9363	2
9366	1
9368	1
9369	1
9370	1
9372	1
9374	1
9375	3
9380	2
9382	2
9384	1
9387	1
9393	1
9396	1
9402	1
9403	1
9405	2
9410	2
9413	1
9418	1
9420	1
9422	2
9423	1
9425	1
9426	2
9430	1
9434	1
9439	1
9440	1
9443	1
9445	1
9452	1
9453	1
9456	1
9464	3
9467	1
9468	1
9470	3
9472	3
9473	1
9479	1
9480	1
9486	1
9487	1
9493	1
9494	1
9495	1
9497	2
9498	2
9511	2
9513	4
9517	1
9520	1
9522	2
9528	1
9533	1
9534	2
9538	1
9539	1
9540	3
9542	1
9544	1
9545	1
9546	1
9550	2
9553	1
9556	1
9560	2
9567	1
9568	2
9573	1
9575	2
9578	1
9579	1
9580	3
9581	5
9583	2
9584	1
9588	1
9590	1
9591	1
9594	1
9600	16
9603	1
9604	2
9608	3
9611	3
9612	3
9614	2
9616	2
9617	1
9618	1
9619	1
9620	1
9627	1
9630	1
9632	2
9635	2
9638	2
9639	1
9640	3
9644	2
9647	1
9648	2
9650	2
9651	1
9653	1
9656	2
9658	1
9659	1
9660	2
9662	1
9663	1
9664	2
9666	1
9667	1
9670	2
9674	2
9676	1
9678	1
9680	4
9682	1
9683	1
9684	2
9688	2
9690	3
9691	1
9692	1
9695	1
9696	1
9697	1
9700	1
9701	1
9702	3
9704	1
9705	2
9706	1
9707	1
9708	2
9710	1
9712	1
9720	6
9721	1
9722	2
9726	3
9727	1
9728	3
9730	2
9732	1
9733	1
9736	3
9738	1
9740	2
9742	1
9743	1
9744	4
9745	1
9748	1
9756	2
9757	1
9759	2
9760	2
9762	1
9763	1
9764	1
9765	3
9768	2
9769	1
9770	1
9776	1
9778	1
9779	2
9782	1
9784	1
9786	2
9788	1
9790	1
9792	2
9794	1
9800	1
9803	2
9804	1
9805	1
9807	1
9813	2
9816	2
9820	1
9824	1
9825	2
9827	1
9828	2
9829	3
9832	1
9836	1
9837	1
9840	2
9842	1
9844	2
9847	1
9852	1
9856	1
9857	1
9859	1
9862	1
9864	1
9866	1
9867	1
9868	1
9870	1
9872	3
9875	1
9880	1
9883	1
9886	1
9887	1
9895	1
9901	1
9902	1
9903	2
9909	1
9911	1
9914	2
9916	1
9921	1
9922	1
9924	1
9930	1
9932	1
9934	1
9935	1
9936	1
9938	2
9947	1
9948	1
9949	1
9950	1
9952	2
9955	1
9958	1
9960	1
9961	1
9962	1
9963	1
9973	1
9975	2
9984	1
9986	1
9987	2
9991	1
9992	1
9993	1
9996	3
9999	2
10000	956
10001	1
10002	37
10003	17
10004	26
10005	8
10006	12
10007	4
10008	18
10009	4
10010	8
10011	5
10012	10
10013	2
10014	3
10015	4
10016	8
10017	1
10018	3
10019	4
10020	5
10021	1
10022	1
10024	6
10026	2
10027	1
10028	2
10029	1
10031	1
10032	5
10034	5
10035	1
10036	5
10038	4
10040	6
10042	3
10043	4
10044	4
10045	1
10046	1
10047	4
10048	5
10050	1
10051	2
10052	2
10053	2
10056	1
10058	1
10059	1
10060	4
10062	2
10063	1
10064	3
10066	2
10067	1
10068	1
10070	3
10071	3
10072	1
10074	1
10075	1
10076	1
10077	1
10078	1
10079	1
10080	7
10082	2
10084	1
10086	2
10088	1
10090	1
10092	1
10093	3
10094	1
10095	1
10096	2
10098	1
10099	1
10100	3
10101	2
10102	1
10105	2
10106	2
10107	1
10108	3
10110	2
10111	1
10112	1
10114	2
10115	1
10117	1
10119	2
10120	2
10122	3
10124	1
10127	1
10128	6
10129	1
10131	3
10134	1
10135	1
10136	1
10137	1
10140	1
10141	1
10142	1
10144	2
10145	2
10146	1
10150	4
10152	3
10155	1
10158	2
10161	1
10162	2
10163	1
10164	4
10165	1
10166	2
10168	1
10170	1
10171	1
10175	3
10176	2
10178	4
10179	1
10180	2
10181	1
10184	1
10185	1
10189	2
10190	1
10192	3
10193	1
10194	1
10195	2
10198	2
10200	3
10201	1
10202	2
10205	1
10207	1
10208	2
10210	1
10212	1
10213	1
10216	1
10217	1
10220	1
10222	1
10223	1
10224	1
10226	3
10228	3
10230	2
10231	1
10232	2
10234	1
10235	1
10236	1
10238	1
10240	4
10245	3
10246	1
10247	1
10248	5
10249	1
10250	2
10254	1
10256	3
10259	1
10260	2
10261	1
10262	3
10264	2
10266	2
10272	1
10274	1
10275	2
10276	1
10279	1
10280	2
10281	1
10282	1
10287	1
10288	3
10289	1
10290	4
10294	2
10296	1
10301	2
10302	2
10303	1
10304	2
10305	1
10306	1
10307	1
10308	2
10309	2
10311	1
10312	2
10314	3
10315	3
10318	2
10319	1
10320	1
10322	2
10324	1
10325	2
10326	1
10328	1
10330	2
10333	1
10334	1
10336	1
10338	1
10339	1
10340	3
10343	1
10344	2
10346	1
10348	1
10349	1
10350	1
10351	1
10353	1
10356	2
10359	1
10360	4
10361	1
10367	2
10368	1
10374	1
10376	1
10384	1
10385	1
10390	1
10392	2
10393	2
10395	3
10396	4
10398	1
10401	2
10402	2
10403	1
10404	2
10405	1
10409	1
10412	1
10415	2
10416	1
10419	1
10420	1
10421	1
10422	3
10423	1
10424	1
10425	1
10427	1
10428	1
10429	2
10430	1
10432	1
10433	2
10436	1
10438	2
10439	1
10440	1
10444	1
10445	2
10448	2
10450	1
10452	3
10453	2
10455	1
10456	2
10458	1
10459	1
10464	1
10468	1
10470	1
10471	2
10472	5
10473	1
10474	2
10475	2
10479	2
10481	2
10484	1
10487	1
10488	1
10489	1
10490	3
10491	1
10495	1
10498	3
10500	3
10502	1
10505	1
10506	1
10510	1
10514	1
10515	2
10516	1
10518	1
10520	2
10521	1
10522	2
10523	2
10524	2
10525	1
10526	1
10527	2
10536	1
10538	1
10540	2
10543	1
10546	2
10550	1
10552	1
10555	1
10556	1
10557	3
10558	1
10562	1
10563	1
10565	1
10570	1
10572	2
10575	1
10579	1
10584	2
10585	1
10587	1
10588	1
10596	1
10600	2
10605	1
10606	1
10608	1
10610	1
10612	2
10614	2
10615	2
10620	2
10621	1
10624	1
10625	2
10626	1
10627	1
10630	2
10631	2
10632	1
10634	3
10635	2
10637	1
10638	1
10640	3
10645	1
10652	1
10653	1
10656	1
10659	1
10662	2
10664	1
10665	1
10670	2
10672	1
10673	1
10674	1
10677	2
10680	2
10681	1
10683	1
10684	1
10686	1
10690	1
10691	1
10693	1
10695	1
10697	1
10699	1
10704	3
10706	2
10708	2
10710	2
10714	1
10716	1
10717	1
10718	1
10719	1
10720	1
10724	2
10729	2
10732	1
10736	1
10737	1
10739	1
10740	1
10741	1
10745	1
10747	2
10748	1
10752	1
10754	1
10758	1
10759	1
10760	1
10761	1
10762	1
10764	1
10769	1
10771	1
10772	1
10774	1
10775	1
10776	1
10777	2
10786	2
10788	1
10789	1
10792	1
10793	1
10794	1
10795	1
10796	1
10797	2
10799	1
10800	10
10801	1
10808	1
10810	1
10812	3
10816	1
10818	1
10820	1
10821	2
10825	1
10830	1
10832	1
10835	1
10836	1
10838	2
10839	1
10840	3
10844	1
10845	2
10848	4
10851	1
10852	3
10857	1
10860	1
10866	1
10868	2
10870	4
10874	1
10875	1
10876	1
10877	1
10878	1
10880	2
10881	2
10884	2
10886	2
10888	1
10890	3
10892	1
10897	1
10898	1
10906	1
10909	1
10910	1
10911	1
10912	1
10913	1
10914	1
10918	1
10920	3
10921	1
10925	1
10928	1
10929	1
10931	1
10933	1
10934	2
10936	1
10938	1
10943	1
10944	2
10946	1
10947	1
10948	1
10950	1
10952	2
10955	1
10960	1
10962	1
10964	1
10965	1
10968	2
10974	1
10975	1
10978	1
10984	1
10985	1
10988	2
10989	1
10990	2
10992	2
10993	1
10995	1
10996	2
10998	1
11005	2
11013	1
11016	1
11017	1
11018	1
11024	1
11033	1
11034	1
11038	1
11040	3
11043	1
11044	2
11046	1
11049	1
11052	1
11053	1
11055	1
11058	1
11060	1
11062	2
11064	1
11066	1
11067	1
11072	1
11073	1
11075	1
11077	1
11078	1
11080	1
11088	1
11092	1
11100	1
11109	2
11110	1
11112	2
11114	1
11115	1
11116	3
11117	2
11118	2
11119	1
11120	2
11123	1
11124	1
11127	1
11128	1
11129	1
11130	1
11134	1
11136	1
11138	1
11140	1
11141	1
11142	1
11143	1
11144	1
11146	1
11147	1
11150	1
11155	2
11158	2
11160	1
11161	1
11164	1
11166	1
11169	1
11170	1
11180	1
11182	1
11183	1
11184	1
11186	1
11189	1
11192	1
11200	4
11203	1
11210	2
11221	2
11224	1
11226	2
11227	1
11229	1
11230	1
11232	2
11238	1
11240	1
11249	1
11250	2
11260	1
11261	1
11263	2
11267	1
11268	1
11270	2
11271	1
11280	1
11281	1
11284	1
11289	1
11293	1
11294	1
11295	1
11296	3
11297	1
11307	1
11312	1
11316	1
11317	1
11319	2
11324	1
11327	1
11328	2
11330	3
11336	1
11337	1
11340	2
11342	2
11344	1
11347	1
11349	1
11356	1
11359	1
11360	1
11361	1
11362	1
11364	1
11373	1
11379	1
11383	1
11385	1
11396	2
11398	1
11401	1
11406	1
11408	1
11417	1
11418	1
11422	1
11426	1
11427	1
11440	1
11446	1
11448	1
11452	1
11453	1
11456	1
11461	1
11468	1
11475	1
11480	3
11485	1
11486	1
11494	1
11500	1
11502	1
11504	2
11508	2
11510	1
11513	1
11514	1
11515	1
11518	1
11520	5
11523	1
11524	1
11525	1
11528	2
11532	1
11535	1
11536	1
11538	1
11540	1
11544	2
11547	1
11548	2
11552	2
11555	1
11558	1
11562	1
11564	1
11565	1
11568	1
11569	1
11570	1
11574	2
11575	2
11576	1
11582	1
11589	1
11591	2
11592	1
11594	1
11595	1
11600	1
11606	1
11612	1
11616	2
11621	1
11626	1
11627	1
11631	2
11633	1
11634	2
11635	1
11636	1
11640	1
11641	1
11645	1
11648	1
11651	1
11656	3
11657	1
11665	1
11672	2
11676	2
11677	1
11678	1
11682	1
11684	2
11685	1
11688	1
11692	1
11697	2
11705	1
11716	1
11720	1
11727	1
11728	2
11730	1
11734	2
11737	1
11740	1
11741	1
11746	1
11755	1
11759	1
11760	2
11763	1
11765	1
11767	1
11769	2
11776	1
11777	1
11778	1
11782	1
11783	1
11785	1
11787	2
11790	2
11795	1
11808	1
11809	1
11812	1
11814	1
11816	1
11817	1
11818	2
11820	1
11834	1
11841	1
11842	1
11843	1
11844	1
11847	1
11850	1
11856	1
11861	1
11863	1
11866	1
11875	1
11880	1
11882	1
11884	1
11886	1
11888	1
11894	1
11900	1
11902	1
11904	1
11906	1
11916	1
11918	1
11920	1
11931	1
11932	1
11935	2
11940	1
11946	1
11949	2
11954	1
11961	1
11963	1
11964	1
11971	2
11972	1
11977	2
11984	2
11993	1
11994	1
12000	3
12002	1
12005	1
12006	1
12015	1
12025	2
12027	1
12030	1
12035	1
12038	1
12040	3
12044	1
12045	1
12048	1
12050	1
12057	1
12061	1
12062	2
12075	1
12076	1
12081	1
12082	1
12097	1
12100	1
12106	1
12110	2
12112	1
12113	1
12120	2
12126	1
12129	1
12133	1
12138	1
12140	1
12150	2
12157	1
12159	1
12160	1
12165	1
12168	1
12173	1
12185	1
12186	1
12196	1
12199	1
12200	3
12206	1
12208	1
12210	1
12211	1
12212	1
12215	1
12216	2
12222	3
12224	1
12232	1
12240	1
12243	1
12250	1
12255	2
12260	1
12264	1
12265	1
12268	1
12270	2
12275	1
12279	1
12281	1
12282	1
12286	2
12301	1
12303	1
12307	1
12312	1
12319	1
12324	1
12326	1
12328	1
12332	1
12333	1
12340	2
12342	1
12343	1
12352	1
12356	1
12359	1
12362	2
12366	1
12376	1
12383	1
12384	1
12386	1
12387	1
12392	1
12395	1
12399	1
12402	1
12416	1
12420	2
12423	1
12427	2
12432	1
12439	1
12448	1
12459	2
12460	1
12463	1
12464	1
12478	2
12480	1
12488	1
12514	1
12515	1
12520	1
12524	1
12533	1
12536	1
12540	1
12559	1
12567	1
12570	1
12571	1
12576	2
12577	1
12600	1
12602	1
12606	1
12615	1
12627	1
12628	1
12634	1
12635	1
12636	1
12640	2
12644	1
12656	2
12663	1
12672	2
12677	1
12680	2
12684	1
12685	2
12700	1
12705	1
12736	1
12740	1
12741	1
12742	1
12748	1
12757	1
12763	1
12766	1
12768	2
12774	1
12776	1
12777	1
12783	1
12785	1
12789	1
12800	1
12808	2
12819	1
12820	1
12824	2
12828	1
12832	2
12833	1
12848	1
12850	1
12859	1
12861	1
12862	1
12880	2
12886	1
12892	1
12896	1
12899	1
12900	1
12902	1
12912	1
12916	1
12918	2
12935	1
12936	2
12953	1
12960	3
12962	1
12970	1
12976	2
12978	2
12983	1
12986	1
12992	1
12993	1
12996	1
12998	1
13004	1
13011	1
13016	1
13017	1
13019	1
13020	2
13022	1
13026	1
13033	1
13034	1
13036	1
13041	1
13048	1
13056	1
13067	1
13075	1
13082	1
13086	1
13088	2
13090	1
13096	2
13099	1
13100	1
13102	1
13104	1
13112	1
13113	1
13120	1
13126	1
13131	1
13134	2
13141	1
13143	1
13146	1
13157	1
13158	1
13180	2
13188	2
13192	1
13194	1
13198	1
13200	1
13210	1
13224	2
13227	1
13228	1
13230	1
13232	1
13233	1
13240	1
13248	1
13259	1
13280	1
13291	1
13302	1
13305	2
13330	1
13344	2
13345	1
13356	1
13358	1
13359	1
13364	1
13367	1
13368	1
13371	1
13375	1
13376	1
13390	1
13394	1
13406	1
13426	1
13428	1
13434	1
13440	1
13446	1
13470	1
13473	1
13491	1
13496	2
13512	1
13520	1
13523	1
13524	1
13525	1
13534	1
13540	1
13543	2
13546	1
13560	1
13561	1
13566	1
13580	1
13594	1
13598	1
13600	1
13611	1
13623	1
13627	2
13629	1
13630	1
13634	1
13638	1
13648	1
13652	2
13656	1
13660	1
13669	1
13684	1
13706	1
13712	1
13713	1
13730	2
13735	1
13762	1
13768	1
13770	1
13778	1
13785	2
13787	1
13814	2
13818	1
13830	1
13842	1
13843	1
13846	1
13856	1
13867	1
13877	1
13880	1
13892	1
13897	1
13902	1
13914	1
13926	1
13930	1
13932	2
13936	1
13938	1
13940	1
13942	1
13957	1
13963	1
13968	1
13969	1
13976	1
13978	1
13980	1
13981	1
14004	1
14045	1
14046	1
14053	1
14056	1
14060	1
14090	1
14093	1
14114	1
14118	1
14124	1
14144	1
14163	1
14169	1
14177	1
14183	1
14192	1
14196	1
14200	1
14230	1
14248	1
14252	1
14266	1
14268	1
14287	1
14288	1
14300	1
14301	1
14303	1
14309	1
14320	1
14337	1
14340	1
14345	1
14348	1
14357	1
14364	1
14366	1
14400	2
14406	1
14412	2
14422	1
14424	2
14425	1
14429	1
14430	1
14436	1
14440	1
14459	1
14460	1
14463	1
14464	1
14475	2
14480	1
14491	1
14496	2
14501	1
14502	1
14510	1
14528	2
14552	2
14570	1
14577	1
14584	1
14586	1
14589	1
14606	2
14607	1
14610	1
14612	1
14615	1
14621	1
14624	3
14638	1
14648	1
14655	1
14663	1
14670	1
14675	1
14696	1
14698	1
14712	1
14716	1
14724	1
14740	1
14755	1
14760	1
14780	1
14808	1
14817	1
14831	1
14854	2
14862	1
14864	1
14865	1
14897	1
14920	1
14937	1
14940	1
14944	2
14962	1
14985	1
14992	1
15005	1
15014	1
15028	1
15030	1
15035	1
15072	1
15109	1
15110	1
15115	1
15122	1
15126	1
15148	1
15151	1
15170	1
15171	1
15244	2
15259	1
15260	1
15270	1
15283	1
15290	1
15316	1
15320	1
15330	1
15354	1
15358	1
15368	1
15376	1
15379	1
15398	1
15400	1
15434	1
15435	1
15480	1
15484	1
15503	1
15507	1
15512	1
15530	1
15532	1
15540	1
15574	1
15596	1
15600	1
15622	1
15623	1
15624	1
15651	1
15656	1
15657	1
15665	1
15690	1
15712	1
15726	1
15727	1
15732	1
15752	1
15815	1
15821	1
15838	1
15840	1
15854	1
15880	1
15948	1
15952	1
15955	1
15957	1
15973	1
15974	1
15976	1
15977	1
15992	1
16002	1
16015	1
16020	1
16023	1
16024	2
16040	2
16045	1
16060	1
16077	1
16097	1
16168	1
16180	1
16190	1
16198	1
16212	1
16226	1
16228	1
16242	1
16250	1
16308	1
16320	1
16324	1
16332	1
16349	1
16380	1
16384	1
16408	1
16416	1
16420	2
16438	1
16440	1
16452	1
16467	1
16468	1
16470	1
16480	1
16492	1
16495	1
16506	1
16532	1
16547	1
16552	1
16562	1
16621	1
16660	1
16680	1
16682	1
16691	1
16692	1
16707	1
16741	1
16776	1
16777	1
16808	1
16815	1
16828	1
16834	1
16840	1
16842	1
16856	1
16858	1
16860	1
16866	1
16878	1
16895	1
16900	1
16907	1
16950	1
16956	1
16961	1
16964	2
16965	1
16980	1
16989	1
17020	1
17087	1
17101	1
17102	1
17117	1
17122	1
17146	1
17165	1
17176	1
17248	1
17280	1
17320	1
17324	1
17327	1
17336	1
17352	1
17362	1
17403	1
17424	1
17455	1
17496	1
17500	1
17507	1
17568	1
17572	1
17589	1
17612	1
17648	1
17654	1
17661	1
17682	2
17685	1
17748	1
17794	1
17795	1
17822	1
17834	1
17860	1
17868	1
17873	1
17904	1
17972	1
18000	2
18006	1
18048	1
18064	1
18079	1
18080	1
18099	1
18102	1
18108	1
18110	1
18123	1
18140	1
18158	1
18160	1
18192	1
18220	1
18228	1
18256	1
18302	1
18348	1
18357	1
18432	1
18622	1
18660	1
18732	1
18888	1
18923	1
18989	1
19040	2
19050	1
19054	1
19090	1
19100	1
19107	1
19124	1
19191	1
19200	1
19207	1
19216	1
19230	2
19244	1
19250	1
19288	1
19300	1
19372	1
19378	1
19420	1
19426	1
19427	1
19440	1
19527	1
19550	1
19568	1
19608	1
19648	1
19656	1
19667	1
19744	1
19747	1
19770	1
19803	1
19811	1
19820	1
19852	1
19872	1
19930	1
19936	1
19948	1
20149	1
20213	1
20250	2
20251	1
20258	1
20264	1
20266	1
20278	1
20343	1
20360	1
20392	1
20440	1
20449	1
20516	1
20628	1
20641	1
20898	1
20922	1
20992	1
21084	1
21087	1
21231	1
21280	1
21402	1
21535	1
21584	1
21594	1
21600	1
21659	1
21780	1
21852	1
21900	1
21952	1
21972	1
22020	1
22049	1
22158	1
22204	1
22308	1
22336	1
22357	1
22420	1
22484	1
22492	1
22504	1
22582	1
22660	1
22678	1
22680	1
22682	1
22700	1
22746	2
22773	1
22800	1
22900	1
22910	1
22960	1
23096	1
23118	1
23219	1
23456	1
23549	1
23551	1
23555	1
23584	1
23592	1
23620	1
23771	1
23842	1
23912	1
23954	1
24000	1
24010	1
24052	1
24283	1
24382	1
24421	1
24846	1
24874	1
24944	1
25102	1
25175	1
25472	1
25564	1
25666	1
25763	1
25817	1
26064	1
26250	1
26271	1
26724	1
26901	1
26908	1
27040	1
27210	1
27275	1
27280	1
27298	1
27331	1
27363	1
27476	1
27670	1
27986	1
27998	1
28075	1
28080	1
28090	1
28486	1
28540	1
28547	1
28620	1
28638	1
28816	1
29000	1
29152	1
29226	1
29302	1
29773	1
29828	1
30009	1
30450	1
30800	1
30834	1
31529	1
32125	1
32366	1
32584	1
33037	1
34680	1
35537	1
35726	1
35738	1
35966	1
36210	1
36480	1
36576	1
36600	1
36650	1
38573	1
39732	1
40376	1
41215	1
42433	1
42740	1
43424	1
45913	1
46200	1
46256	1
47738	1
48000	1
51856	1
55329	1
70165	1
76538	1
