Pay	Frequency
0	996802563
2	25948
3	21934
4	35160
5	4787
6	27629
7	7239
8	41765
9	8373
10	27155
11	9726
12	35089
13	6646
14	19154
15	8815
16	35166
17	6305
18	19919
19	9153
20	38629
21	6477
22	19686
23	9985
24	32341
25	8123
26	19965
27	9574
28	24336
29	7374
30	21835
31	8496
32	26532
33	7400
34	18220
35	8717
36	22192
37	6753
38	16185
39	7667
40	30534
41	6532
42	17701
43	9214
44	20335
45	6712
46	15997
47	7442
48	22225
49	6600
50	17203
51	7608
52	18330
53	6449
54	14503
55	7164
56	17007
57	6089
58	13584
59	6704
60	22991
61	5706
62	13649
63	7562
64	17066
65	6068
66	13522
67	6616
68	15347
69	5813
70	12692
71	6185
72	15332
73	5715
74	11599
75	7377
76	13160
77	5588
78	10878
79	5933
80	20882
81	5445
82	11981
83	7460
84	13830
85	5761
86	11271
87	6173
88	13605
89	5482
90	12193
91	6306
92	12746
93	5604
94	10335
95	5825
96	12492
97	5017
98	10040
99	5745
100	13727
101	5016
102	9624
103	5920
104	11315
105	5107
106	9419
107	5488
108	10484
109	4887
110	9399
111	5174
112	9945
113	4850
114	8545
115	5288
116	9249
117	4619
118	7811
119	4748
120	15107
121	4404
122	9004
123	5988
124	9855
125	4533
126	8758
127	4818
128	9956
129	4648
130	8590
131	4860
132	9215
133	4433
134	7617
135	4856
136	8923
137	4338
138	7461
139	4633
140	9688
141	4285
142	7226
143	4621
144	8491
145	4137
146	7068
147	4314
148	7581
149	3958
150	8059
151	4137
152	7771
153	4111
154	6597
155	4426
156	7162
157	3800
158	6537
159	4008
160	11213
161	3604
162	6996
163	4719
164	7907
165	3984
166	6904
167	4081
168	7778
169	3919
170	7176
171	4131
172	7347
173	3900
174	6268
175	4127
176	7096
177	3672
178	5944
179	3894
180	8877
181	3574
182	6293
183	4188
184	6902
185	3758
186	6240
187	3882
188	6682
189	3610
190	6327
191	3833
192	6519
193	3588
194	5678
195	3782
196	6092
197	3472
198	5489
199	3591
200	7456
201	3336
202	5692
203	3815
204	6043
205	3418
206	5409
207	3494
208	5944
209	3419
210	5713
211	3443
212	5576
213	3250
214	5121
215	3460
216	5455
217	3074
218	4901
219	3359
220	5983
221	3177
222	4864
223	3288
224	5324
225	3077
226	4695
227	3234
228	5058
229	3117
230	4905
231	3058
232	4713
233	3107
234	4502
235	3126
236	4520
237	2917
238	4235
239	2903
240	7505
241	2946
242	4794
243	3426
244	5052
245	3054
246	4684
247	3068
248	5024
249	2989
250	4945
251	3058
252	5030
253	2904
254	4271
255	2994
256	4816
257	2786
258	4204
259	2975
260	5166
261	2721
262	4232
263	2926
264	4485
265	2768
266	4045
267	2821
268	4271
269	2643
270	4278
271	2807
272	4264
273	2723
274	3991
275	2795
276	3999
277	2557
278	3723
279	2484
280	4627
281	2572
282	3654
283	2694
284	3962
285	2539
286	3623
287	2537
288	3909
289	2514
290	3765
291	2516
292	3718
293	2363
294	3342
295	2408
296	3622
297	2388
298	3283
299	2397
300	4503
301	2340
302	3465
303	2507
304	3669
305	2295
306	3286
307	2430
308	3530
309	2290
310	3507
311	2267
312	3469
313	2309
314	3113
315	2378
316	3341
317	2281
318	3097
319	2243
320	4444
321	2164
322	3264
323	2383
324	3472
325	2278
326	3256
327	2310
328	3447
329	2258
330	3282
331	2279
332	3286
333	2166
334	3070
335	2302
336	3212
337	2120
338	2911
339	2112
340	3613
341	2060
342	3061
343	2213
344	3140
345	2074
346	2966
347	2068
348	3074
349	2127
350	3052
351	2082
352	2967
353	2108
354	2685
355	2048
356	2914
357	1971
358	2696
359	2007
360	3690
361	1967
362	2861
363	2184
364	2930
365	1994
366	2853
367	2059
368	2888
369	2004
370	2892
371	2016
372	2789
373	1882
374	2555
375	1912
376	2750
377	1858
378	2507
379	1785
380	2864
381	1764
382	2493
383	1942
384	2593
385	1820
386	2421
387	1856
388	2477
389	1834
390	2587
391	1851
392	2545
393	1711
394	2370
395	1829
396	2422
397	1758
398	2245
399	1770
400	2818
401	1681
402	2350
403	1831
404	2460
405	1776
406	2327
407	1715
408	2412
409	1695
410	2344
411	1732
412	2299
413	1641
414	2190
415	1730
416	2208
417	1637
418	2154
419	1685
420	2466
421	1556
422	2151
423	1623
424	2187
425	1581
426	2043
427	1628
428	2064
429	1490
430	2143
431	1604
432	2066
433	1568
434	1970
435	1552
436	1991
437	1550
438	1907
439	1489
440	2224
441	1531
442	1930
443	1512
444	2000
445	1478
446	2007
447	1484
448	1974
449	1458
450	1963
451	1499
452	1933
453	1432
454	1779
455	1522
456	1845
457	1433
458	1789
459	1458
460	1915
461	1326
462	1778
463	1430
464	1796
465	1321
466	1762
467	1350
468	1821
469	1352
470	1831
471	1377
472	1778
473	1347
474	1672
475	1387
476	1619
477	1308
478	1561
479	1356
480	2392
481	1349
482	1713
483	1440
484	1785
485	1339
486	1686
487	1282
488	1767
489	1325
490	1735
491	1329
492	1782
493	1262
494	1622
495	1287
496	1757
497	1294
498	1563
499	1242
500	1859
501	1237
502	1569
503	1325
504	1625
505	1284
506	1603
507	1225
508	1631
509	1209
510	1615
511	1184
512	1610
513	1182
514	1520
515	1230
516	1531
517	1172
518	1485
519	1198
520	1685
521	1145
522	1455
523	1205
524	1493
525	1144
526	1410
527	1136
528	1430
529	1112
530	1452
531	1218
532	1442
533	1140
534	1301
535	1191
536	1396
537	1113
538	1329
539	1123
540	1547
541	1047
542	1340
543	1159
544	1394
545	1101
546	1324
547	1082
548	1394
549	1097
550	1370
551	1038
552	1347
553	1038
554	1281
555	1058
556	1267
557	1023
558	1287
559	977
560	1430
561	1040
562	1287
563	1021
564	1279
565	1093
566	1220
567	1079
568	1258
569	975
570	1240
571	955
572	1259
573	940
574	1225
575	997
576	1235
577	964
578	1154
579	938
580	1273
581	990
582	1167
583	1008
584	1163
585	883
586	1120
587	950
588	1119
589	933
590	1173
591	911
592	1098
593	897
594	1104
595	886
596	1113
597	870
598	1029
599	865
600	1284
601	874
602	1159
603	902
604	1099
605	860
606	1040
607	890
608	1103
609	860
610	1060
611	898
612	1055
613	836
614	1021
615	916
616	1085
617	881
618	996
619	855
620	1074
621	779
622	963
623	865
624	1016
625	829
626	931
627	769
628	1025
629	806
630	989
631	802
632	964
633	757
634	927
635	825
636	962
637	828
638	921
639	772
640	1164
641	766
642	938
643	826
644	974
645	825
646	908
647	753
648	1008
649	764
650	908
651	747
652	928
653	766
654	871
655	747
656	882
657	764
658	852
659	747
660	1006
661	729
662	861
663	737
664	858
665	694
666	813
667	749
668	890
669	763
670	907
671	662
672	862
673	681
674	803
675	705
676	843
677	724
678	811
679	665
680	923
681	690
682	831
683	735
684	878
685	688
686	794
687	670
688	804
689	679
690	846
691	683
692	828
693	715
694	767
695	689
696	793
697	655
698	766
699	650
700	793
701	656
702	757
703	682
704	823
705	681
706	749
707	647
708	755
709	595
710	694
711	596
712	755
713	644
714	748
715	625
716	726
717	613
718	649
719	612
720	953
721	574
722	759
723	617
724	753
725	579
726	687
727	598
728	792
729	597
730	722
731	610
732	750
733	571
734	710
735	601
736	696
737	586
738	669
739	609
740	756
741	555
742	657
743	589
744	707
745	580
746	691
747	536
748	686
749	590
750	715
751	551
752	680
753	537
754	649
755	558
756	673
757	500
758	619
759	531
760	702
761	522
762	642
763	469
764	677
765	545
766	609
767	511
768	625
769	551
770	632
771	519
772	617
773	520
774	599
775	478
776	621
777	531
778	615
779	525
780	608
781	511
782	595
783	511
784	621
785	454
786	578
787	486
788	582
789	496
790	543
791	465
792	578
793	461
794	538
795	468
796	604
797	464
798	503
799	451
800	617
801	473
802	545
803	483
804	576
805	505
806	541
807	476
808	509
809	443
810	567
811	464
812	541
813	422
814	503
815	467
816	543
817	441
818	524
819	417
820	527
821	435
822	523
823	441
824	495
825	417
826	486
827	435
828	507
829	429
830	512
831	414
832	457
833	434
834	495
835	412
836	493
837	436
838	465
839	411
840	505
841	412
842	471
843	425
844	426
845	436
846	467
847	433
848	467
849	397
850	455
851	380
852	473
853	392
854	443
855	424
856	439
857	412
858	433
859	395
860	444
861	401
862	432
863	336
864	419
865	423
866	423
867	392
868	434
869	375
870	413
871	359
872	404
873	326
874	437
875	362
876	414
877	381
878	413
879	347
880	424
881	374
882	373
883	397
884	398
885	371
886	403
887	370
888	426
889	351
890	406
891	324
892	406
893	376
894	393
895	346
896	379
897	363
898	367
899	354
900	398
901	378
902	352
903	360
904	390
905	343
906	395
907	324
908	397
909	329
910	360
911	337
912	379
913	329
914	349
915	352
916	342
917	295
918	341
919	299
920	368
921	322
922	371
923	304
924	340
925	340
926	374
927	302
928	360
929	302
930	346
931	350
932	326
933	311
934	367
935	303
936	336
937	311
938	353
939	268
940	358
941	327
942	322
943	271
944	306
945	287
946	314
947	297
948	319
949	273
950	320
951	272
952	296
953	308
954	318
955	280
956	302
957	275
958	300
959	309
960	438
961	267
962	309
963	284
964	302
965	262
966	328
967	305
968	379
969	288
970	340
971	265
972	333
973	258
974	326
975	300
976	338
977	266
978	285
979	268
980	325
981	286
982	307
983	237
984	330
985	290
986	296
987	232
988	314
989	224
990	298
991	269
992	285
993	260
994	273
995	262
996	300
997	242
998	281
999	251
1000	334
1001	265
1002	281
1003	252
1004	290
1005	254
1006	287
1007	260
1008	265
1009	237
1010	259
1011	243
1012	290
1013	248
1014	282
1015	256
1016	281
1017	242
1018	232
1019	236
1020	280
1021	228
1022	294
1023	208
1024	265
1025	225
1026	259
1027	231
1028	305
1029	233
1030	234
1031	240
1032	232
1033	228
1034	269
1035	230
1036	256
1037	217
1038	242
1039	232
1040	267
1041	218
1042	225
1043	229
1044	227
1045	204
1046	207
1047	203
1048	266
1049	213
1050	235
1051	244
1052	256
1053	242
1054	251
1055	202
1056	233
1057	208
1058	228
1059	225
1060	225
1061	214
1062	240
1063	199
1064	240
1065	242
1066	219
1067	209
1068	211
1069	212
1070	209
1071	190
1072	232
1073	176
1074	207
1075	176
1076	219
1077	187
1078	185
1079	198
1080	245
1081	204
1082	194
1083	198
1084	227
1085	214
1086	219
1087	206
1088	210
1089	196
1090	199
1091	199
1092	228
1093	180
1094	216
1095	180
1096	225
1097	183
1098	210
1099	176
1100	256
1101	184
1102	201
1103	170
1104	213
1105	178
1106	209
1107	170
1108	211
1109	183
1110	203
1111	156
1112	181
1113	201
1114	183
1115	169
1116	177
1117	158
1118	190
1119	194
1120	192
1121	149
1122	190
1123	168
1124	188
1125	161
1126	166
1127	197
1128	185
1129	165
1130	190
1131	163
1132	167
1133	168
1134	156
1135	168
1136	187
1137	165
1138	165
1139	137
1140	167
1141	160
1142	189
1143	175
1144	172
1145	154
1146	186
1147	165
1148	150
1149	144
1150	183
1151	149
1152	153
1153	153
1154	179
1155	164
1156	197
1157	171
1158	161
1159	144
1160	161
1161	166
1162	145
1163	149
1164	169
1165	133
1166	167
1167	140
1168	167
1169	147
1170	149
1171	158
1172	167
1173	134
1174	163
1175	136
1176	136
1177	136
1178	128
1179	142
1180	172
1181	143
1182	155
1183	135
1184	155
1185	154
1186	145
1187	146
1188	141
1189	146
1190	134
1191	123
1192	158
1193	141
1194	159
1195	146
1196	145
1197	129
1198	158
1199	116
1200	150
1201	141
1202	165
1203	131
1204	158
1205	131
1206	140
1207	134
1208	135
1209	133
1210	143
1211	133
1212	129
1213	122
1214	137
1215	135
1216	164
1217	147
1218	168
1219	133
1220	140
1221	122
1222	152
1223	147
1224	134
1225	134
1226	136
1227	128
1228	132
1229	104
1230	126
1231	115
1232	136
1233	120
1234	147
1235	131
1236	146
1237	132
1238	116
1239	142
1240	176
1241	106
1242	131
1243	113
1244	111
1245	118
1246	131
1247	132
1248	120
1249	106
1250	118
1251	107
1252	104
1253	124
1254	118
1255	132
1256	132
1257	123
1258	122
1259	126
1260	132
1261	111
1262	104
1263	93
1264	132
1265	119
1266	110
1267	97
1268	125
1269	115
1270	100
1271	115
1272	100
1273	97
1274	98
1275	115
1276	102
1277	103
1278	104
1279	120
1280	101
1281	102
1282	122
1283	100
1284	113
1285	92
1286	109
1287	93
1288	107
1289	92
1290	106
1291	85
1292	102
1293	84
1294	110
1295	106
1296	113
1297	92
1298	104
1299	81
1300	116
1301	109
1302	104
1303	92
1304	129
1305	100
1306	96
1307	100
1308	117
1309	93
1310	102
1311	116
1312	86
1313	85
1314	96
1315	106
1316	85
1317	97
1318	100
1319	84
1320	88
1321	89
1322	94
1323	91
1324	103
1325	93
1326	95
1327	80
1328	77
1329	95
1330	83
1331	86
1332	112
1333	93
1334	118
1335	80
1336	83
1337	96
1338	88
1339	91
1340	88
1341	84
1342	85
1343	88
1344	96
1345	97
1346	82
1347	90
1348	86
1349	101
1350	101
1351	76
1352	86
1353	81
1354	101
1355	80
1356	90
1357	88
1358	86
1359	90
1360	93
1361	86
1362	84
1363	98
1364	90
1365	86
1366	96
1367	78
1368	89
1369	86
1370	87
1371	70
1372	78
1373	92
1374	95
1375	84
1376	79
1377	73
1378	87
1379	80
1380	83
1381	87
1382	91
1383	94
1384	72
1385	73
1386	78
1387	73
1388	77
1389	85
1390	73
1391	76
1392	77
1393	73
1394	55
1395	74
1396	72
1397	70
1398	77
1399	75
1400	78
1401	73
1402	82
1403	82
1404	75
1405	60
1406	76
1407	85
1408	77
1409	68
1410	81
1411	76
1412	76
1413	65
1414	81
1415	69
1416	83
1417	71
1418	67
1419	74
1420	81
1421	66
1422	74
1423	76
1424	76
1425	70
1426	61
1427	61
1428	79
1429	67
1430	88
1431	66
1432	73
1433	59
1434	59
1435	53
1436	69
1437	67
1438	62
1439	75
1440	79
1441	65
1442	66
1443	67
1444	88
1445	54
1446	69
1447	60
1448	72
1449	74
1450	76
1451	76
1452	80
1453	63
1454	73
1455	66
1456	79
1457	65
1458	71
1459	60
1460	71
1461	56
1462	64
1463	49
1464	57
1465	64
1466	66
1467	57
1468	78
1469	69
1470	62
1471	58
1472	61
1473	62
1474	67
1475	77
1476	60
1477	51
1478	50
1479	56
1480	68
1481	67
1482	63
1483	54
1484	60
1485	56
1486	69
1487	63
1488	68
1489	52
1490	55
1491	57
1492	60
1493	63
1494	62
1495	59
1496	52
1497	52
1498	70
1499	46
1500	60
1501	59
1502	58
1503	46
1504	73
1505	48
1506	69
1507	51
1508	67
1509	51
1510	55
1511	39
1512	50
1513	44
1514	65
1515	51
1516	66
1517	45
1518	57
1519	56
1520	59
1521	53
1522	55
1523	48
1524	61
1525	41
1526	48
1527	42
1528	61
1529	69
1530	68
1531	47
1532	45
1533	44
1534	42
1535	45
1536	48
1537	39
1538	66
1539	46
1540	43
1541	46
1542	50
1543	45
1544	50
1545	57
1546	61
1547	48
1548	53
1549	47
1550	56
1551	49
1552	41
1553	42
1554	35
1555	51
1556	47
1557	54
1558	40
1559	48
1560	55
1561	54
1562	52
1563	55
1564	34
1565	36
1566	52
1567	47
1568	47
1569	43
1570	43
1571	52
1572	43
1573	36
1574	45
1575	47
1576	45
1577	50
1578	49
1579	45
1580	37
1581	41
1582	43
1583	46
1584	48
1585	43
1586	53
1587	45
1588	52
1589	45
1590	44
1591	27
1592	53
1593	28
1594	50
1595	42
1596	49
1597	34
1598	40
1599	44
1600	43
1601	35
1602	40
1603	35
1604	42
1605	33
1606	43
1607	29
1608	50
1609	45
1610	47
1611	34
1612	41
1613	44
1614	51
1615	37
1616	52
1617	30
1618	47
1619	34
1620	51
1621	34
1622	25
1623	28
1624	37
1625	41
1626	42
1627	37
1628	38
1629	29
1630	44
1631	38
1632	38
1633	29
1634	40
1635	39
1636	31
1637	33
1638	38
1639	33
1640	30
1641	42
1642	33
1643	40
1644	36
1645	38
1646	33
1647	25
1648	28
1649	31
1650	30
1651	37
1652	47
1653	41
1654	29
1655	36
1656	39
1657	24
1658	40
1659	50
1660	35
1661	38
1662	31
1663	45
1664	45
1665	36
1666	35
1667	35
1668	29
1669	36
1670	20
1671	34
1672	34
1673	27
1674	34
1675	36
1676	35
1677	29
1678	41
1679	51
1680	42
1681	35
1682	29
1683	28
1684	26
1685	33
1686	50
1687	26
1688	33
1689	29
1690	31
1691	25
1692	34
1693	28
1694	26
1695	29
1696	26
1697	36
1698	32
1699	29
1700	31
1701	26
1702	34
1703	39
1704	40
1705	31
1706	35
1707	24
1708	27
1709	24
1710	23
1711	43
1712	30
1713	26
1714	27
1715	35
1716	28
1717	37
1718	25
1719	31
1720	37
1721	28
1722	29
1723	32
1724	22
1725	19
1726	28
1727	28
1728	38
1729	30
1730	36
1731	24
1732	28
1733	31
1734	32
1735	27
1736	35
1737	24
1738	31
1739	25
1740	24
1741	25
1742	28
1743	29
1744	20
1745	30
1746	23
1747	29
1748	37
1749	25
1750	22
1751	25
1752	25
1753	37
1754	30
1755	22
1756	29
1757	21
1758	31
1759	25
1760	30
1761	22
1762	38
1763	22
1764	38
1765	34
1766	25
1767	28
1768	34
1769	26
1770	35
1771	27
1772	25
1773	24
1774	26
1775	34
1776	24
1777	19
1778	17
1779	19
1780	28
1781	15
1782	19
1783	24
1784	26
1785	32
1786	26
1787	20
1788	27
1789	18
1790	22
1791	21
1792	24
1793	21
1794	23
1795	20
1796	19
1797	26
1798	24
1799	32
1800	22
1801	18
1802	19
1803	9
1804	27
1805	31
1806	26
1807	25
1808	36
1809	25
1810	28
1811	19
1812	18
1813	22
1814	17
1815	24
1816	23
1817	24
1818	26
1819	26
1820	27
1821	11
1822	17
1823	23
1824	19
1825	19
1826	13
1827	24
1828	20
1829	24
1830	10
1831	23
1832	22
1833	14
1834	28
1835	20
1836	14
1837	18
1838	21
1839	27
1840	25
1841	20
1842	18
1843	28
1844	13
1845	16
1846	26
1847	15
1848	20
1849	23
1850	14
1851	24
1852	28
1853	15
1854	23
1855	16
1856	19
1857	21
1858	38
1859	17
1860	15
1861	22
1862	13
1863	17
1864	17
1865	16
1866	19
1867	16
1868	18
1869	15
1870	15
1871	17
1872	21
1873	29
1874	14
1875	22
1876	10
1877	17
1878	30
1879	15
1880	10
1881	15
1882	21
1883	16
1884	16
1885	12
1886	17
1887	14
1888	19
1889	16
1890	17
1891	20
1892	12
1893	17
1894	11
1895	12
1896	15
1897	13
1898	18
1899	15
1900	10
1901	18
1902	13
1903	10
1904	20
1905	19
1906	13
1907	17
1908	16
1909	20
1910	12
1911	10
1912	12
1913	22
1914	15
1915	16
1916	16
1917	14
1918	16
1919	15
1920	17
1921	20
1922	22
1923	16
1924	15
1925	27
1926	13
1927	9
1928	13
1929	13
1930	27
1931	10
1932	16
1933	17
1934	15
1935	13
1936	23
1937	12
1938	12
1939	11
1940	13
1941	17
1942	15
1943	16
1944	10
1945	19
1946	20
1947	16
1948	14
1949	9
1950	19
1951	7
1952	16
1953	18
1954	16
1955	16
1956	12
1957	15
1958	17
1959	12
1960	7
1961	13
1962	26
1963	16
1964	22
1965	9
1966	20
1967	20
1968	23
1969	14
1970	13
1971	16
1972	14
1973	14
1974	24
1975	20
1976	19
1977	9
1978	11
1979	18
1980	17
1981	10
1982	14
1983	10
1984	14
1985	13
1986	8
1987	14
1988	7
1989	16
1990	17
1991	11
1992	19
1993	12
1994	16
1995	17
1996	18
1997	9
1998	12
1999	12
2000	16
2001	10
2002	20
2003	9
2004	9
2005	14
2006	16
2007	16
2008	15
2009	11
2010	16
2011	18
2012	7
2013	13
2014	10
2015	8
2016	12
2017	12
2018	14
2019	12
2020	12
2021	18
2022	12
2023	10
2024	7
2025	7
2026	16
2027	13
2028	12
2029	9
2030	10
2031	10
2032	14
2033	9
2034	15
2035	6
2036	4
2037	14
2038	12
2039	7
2040	15
2041	15
2042	11
2043	7
2044	10
2045	13
2046	17
2047	10
2048	10
2049	11
2050	9
2051	7
2052	6
2053	14
2054	11
2055	7
2056	11
2057	12
2058	8
2059	7
2060	15
2061	7
2062	9
2063	14
2064	14
2065	13
2066	9
2067	6
2068	9
2069	10
2070	15
2071	13
2072	10
2073	7
2074	15
2075	7
2076	5
2077	12
2078	7
2079	16
2080	15
2081	9
2082	12
2083	9
2084	7
2085	6
2086	12
2087	9
2088	3
2089	10
2090	8
2091	13
2092	6
2093	4
2094	6
2095	11
2096	7
2097	10
2098	8
2099	7
2100	13
2101	5
2102	8
2103	5
2104	6
2105	13
2106	5
2107	14
2108	14
2109	11
2110	16
2111	10
2112	8
2113	10
2114	13
2115	7
2116	4
2117	7
2118	10
2119	16
2120	10
2121	11
2122	12
2123	3
2124	6
2125	10
2126	9
2127	3
2128	10
2129	7
2130	10
2131	8
2132	7
2133	6
2134	9
2135	9
2136	10
2137	5
2138	8
2139	8
2140	8
2141	9
2142	8
2143	7
2144	11
2145	13
2146	4
2147	12
2148	6
2149	9
2150	13
2151	12
2152	8
2153	7
2154	14
2155	7
2156	13
2157	10
2158	4
2159	4
2160	8
2161	7
2162	6
2163	8
2164	7
2165	7
2166	14
2167	9
2168	8
2169	11
2170	14
2171	8
2172	11
2173	1
2174	5
2175	3
2176	6
2177	6
2178	5
2179	8
2180	12
2181	8
2182	8
2183	6
2184	10
2185	6
2186	7
2187	8
2188	7
2189	5
2190	12
2191	3
2192	11
2193	8
2194	5
2195	9
2196	13
2197	8
2198	7
2199	11
2200	10
2201	5
2202	6
2203	5
2204	3
2205	9
2206	10
2207	2
2208	3
2209	8
2210	7
2211	3
2212	10
2213	5
2214	6
2215	9
2216	5
2217	3
2218	9
2219	2
2220	4
2221	8
2222	6
2223	7
2224	5
2225	8
2226	7
2227	9
2228	6
2229	9
2230	9
2231	7
2232	7
2233	6
2234	7
2235	3
2236	5
2237	4
2238	6
2239	8
2240	7
2241	3
2242	7
2243	10
2244	7
2245	7
2246	8
2247	6
2248	5
2249	3
2250	9
2251	7
2252	5
2253	5
2254	9
2255	2
2256	1
2257	6
2258	5
2259	5
2260	8
2261	11
2262	6
2263	9
2264	6
2265	4
2266	9
2267	4
2268	8
2269	8
2270	8
2271	4
2272	6
2273	5
2274	5
2275	7
2276	4
2277	1
2278	10
2279	3
2280	5
2281	4
2282	11
2283	7
2284	8
2285	7
2286	6
2287	5
2288	5
2289	5
2290	4
2291	4
2292	7
2293	8
2294	8
2295	2
2296	4
2297	4
2298	3
2299	4
2300	6
2301	7
2302	11
2303	9
2304	6
2305	4
2306	13
2307	4
2308	7
2309	2
2310	7
2311	4
2312	6
2313	10
2314	6
2315	5
2316	2
2317	2
2318	5
2319	2
2320	5
2321	14
2322	6
2323	6
2324	7
2325	3
2326	7
2327	6
2328	3
2329	5
2330	9
2331	4
2332	4
2333	3
2334	6
2335	6
2336	5
2337	4
2338	6
2339	7
2340	3
2341	7
2342	7
2343	3
2344	3
2345	3
2346	8
2347	4
2348	5
2349	5
2350	6
2351	8
2352	3
2353	4
2354	9
2355	9
2356	4
2357	6
2358	5
2359	9
2360	2
2361	9
2362	5
2363	6
2364	5
2365	3
2366	4
2367	8
2368	5
2369	4
2370	5
2371	5
2372	2
2373	4
2374	5
2375	5
2376	4
2377	5
2378	4
2379	4
2380	6
2381	3
2382	7
2383	3
2384	4
2385	4
2386	1
2387	2
2388	4
2389	4
2390	5
2391	4
2392	4
2393	2
2394	5
2395	5
2396	3
2397	3
2398	3
2399	3
2400	4
2401	3
2402	2
2403	1
2404	6
2405	5
2406	4
2407	2
2408	3
2409	3
2410	6
2411	2
2412	1
2413	4
2414	8
2415	3
2416	3
2417	3
2418	7
2419	5
2420	4
2421	3
2423	3
2424	3
2425	3
2426	5
2427	4
2428	3
2429	4
2430	1
2431	2
2432	3
2433	5
2434	5
2435	5
2436	5
2437	1
2438	4
2439	3
2440	4
2441	2
2442	5
2443	3
2444	2
2445	1
2446	7
2447	2
2448	3
2449	4
2450	2
2451	5
2452	4
2453	6
2454	5
2455	5
2456	3
2458	2
2459	1
2460	3
2461	3
2462	3
2463	8
2464	4
2465	4
2466	5
2467	4
2468	2
2469	2
2470	5
2471	1
2472	7
2473	8
2474	7
2475	7
2476	7
2477	4
2478	1
2479	5
2480	5
2481	4
2482	4
2483	8
2484	7
2485	5
2486	3
2487	3
2488	3
2489	4
2490	2
2491	5
2492	4
2493	2
2494	3
2495	6
2496	2
2497	4
2498	4
2499	5
2500	1
2501	3
2502	1
2503	3
2504	4
2505	1
2506	3
2507	4
2508	1
2510	2
2511	4
2512	2
2513	4
2514	4
2515	3
2516	3
2517	5
2518	1
2519	6
2520	3
2521	1
2522	4
2523	3
2524	5
2525	3
2526	5
2527	4
2528	3
2529	2
2530	3
2531	4
2533	2
2534	6
2535	8
2536	3
2537	3
2538	2
2539	3
2540	7
2541	3
2542	3
2543	4
2544	2
2545	2
2546	8
2547	5
2548	1
2549	4
2550	3
2551	3
2552	5
2553	3
2554	3
2555	1
2556	3
2557	2
2558	3
2559	2
2560	1
2561	2
2562	2
2563	5
2565	5
2566	3
2567	2
2568	1
2569	4
2570	2
2571	2
2572	2
2574	1
2575	2
2576	1
2577	3
2578	2
2579	3
2580	5
2581	2
2582	2
2583	2
2584	8
2585	1
2586	1
2587	2
2588	2
2589	6
2590	1
2591	3
2592	3
2593	3
2594	2
2595	2
2596	3
2597	2
2598	3
2599	5
2600	2
2601	2
2602	1
2603	2
2604	2
2606	1
2607	2
2608	1
2609	1
2610	2
2611	2
2612	2
2614	2
2615	3
2616	2
2617	3
2618	2
2620	1
2621	1
2622	2
2623	4
2624	7
2625	2
2626	2
2627	2
2628	3
2629	4
2631	1
2632	5
2633	3
2634	3
2637	2
2638	3
2639	2
2640	2
2641	2
2642	1
2643	1
2644	1
2645	2
2646	2
2647	5
2648	2
2649	2
2650	3
2651	5
2652	2
2653	2
2654	5
2655	2
2656	4
2658	4
2659	4
2660	2
2661	2
2662	4
2663	2
2664	2
2665	3
2666	6
2668	1
2669	4
2670	2
2671	6
2672	2
2673	2
2674	2
2675	1
2676	2
2677	5
2678	6
2679	3
2680	3
2681	3
2683	2
2684	3
2685	3
2686	2
2688	3
2689	3
2690	1
2691	1
2692	2
2693	5
2694	2
2695	4
2696	6
2697	1
2699	3
2700	3
2701	1
2703	1
2705	1
2707	2
2709	1
2711	2
2712	2
2713	3
2714	1
2716	1
2717	2
2718	1
2719	2
2720	1
2721	1
2722	2
2723	2
2724	5
2725	3
2726	2
2728	1
2729	3
2731	2
2732	3
2734	2
2735	1
2736	2
2737	2
2738	1
2739	3
2740	1
2742	1
2743	2
2745	3
2746	1
2748	1
2749	1
2751	3
2752	4
2753	2
2755	3
2756	1
2757	2
2758	2
2759	2
2760	3
2761	2
2762	5
2764	1
2765	2
2766	4
2767	1
2768	1
2769	3
2770	2
2771	1
2772	1
2773	1
2774	2
2775	2
2776	2
2777	2
2778	1
2782	1
2783	2
2784	1
2785	1
2786	3
2787	2
2791	1
2792	1
2793	1
2794	6
2797	1
2798	2
2800	3
2803	2
2805	2
2807	1
2808	4
2809	2
2810	1
2815	1
2816	1
2817	1
2818	1
2820	1
2821	2
2822	2
2823	3
2824	1
2825	1
2827	1
2830	2
2831	1
2832	3
2836	1
2837	2
2839	2
2840	2
2841	1
2842	1
2843	2
2844	1
2845	2
2846	3
2847	2
2848	2
2849	2
2850	1
2852	1
2854	4
2855	2
2856	3
2858	3
2859	2
2860	3
2861	1
2862	1
2864	2
2866	2
2867	1
2868	1
2869	1
2870	1
2871	3
2872	1
2873	1
2876	1
2878	1
2879	1
2880	4
2881	2
2882	2
2883	2
2884	1
2885	1
2886	1
2887	2
2889	2
2890	1
2891	1
2892	2
2893	1
2894	1
2895	4
2896	1
2898	1
2900	2
2902	1
2904	2
2905	1
2906	2
2907	2
2908	2
2911	2
2913	2
2914	1
2915	3
2916	3
2917	1
2918	2
2919	1
2920	5
2921	2
2922	2
2924	1
2925	2
2926	3
2928	1
2929	2
2931	1
2932	1
2933	1
2934	1
2936	2
2937	2
2939	2
2940	1
2941	1
2942	1
2946	1
2949	2
2950	1
2951	1
2952	2
2954	1
2955	1
2958	3
2959	1
2960	3
2961	2
2963	1
2964	2
2966	2
2967	3
2968	1
2970	2
2971	1
2972	3
2973	1
2974	1
2975	1
2976	1
2978	1
2979	1
2982	3
2983	1
2986	2
2987	1
2991	2
2992	1
2993	1
2994	3
2996	1
2997	1
2998	2
3000	1
3002	1
3003	1
3004	1
3006	2
3008	3
3009	2
3010	3
3011	2
3013	1
3014	2
3015	1
3017	1
3018	1
3019	1
3021	2
3023	1
3024	3
3025	1
3026	1
3027	1
3029	1
3030	1
3031	1
3034	1
3036	1
3038	1
3042	3
3046	1
3047	1
3048	1
3049	3
3050	1
3053	3
3054	2
3059	1
3061	1
3064	1
3065	1
3067	1
3068	2
3069	2
3071	1
3072	3
3074	1
3075	2
3076	1
3078	1
3080	1
3081	1
3082	2
3083	1
3084	1
3085	1
3090	2
3091	1
3093	1
3094	3
3095	1
3096	1
3097	1
3098	3
3101	1
3104	2
3105	1
3106	1
3107	1
3108	1
3110	1
3113	2
3114	1
3115	1
3122	1
3123	1
3124	2
3125	1
3129	1
3130	1
3131	3
3136	1
3137	2
3138	2
3139	2
3140	1
3141	1
3143	2
3145	1
3146	3
3147	1
3153	1
3156	1
3157	1
3159	1
3161	1
3165	1
3166	1
3168	1
3170	2
3172	1
3174	1
3175	2
3176	1
3180	2
3182	1
3183	1
3184	1
3186	1
3187	1
3189	1
3190	1
3191	1
3192	1
3193	1
3197	1
3198	1
3201	2
3202	1
3203	1
3207	2
3208	3
3211	1
3212	2
3215	1
3216	1
3218	1
3223	1
3225	1
3227	1
3229	1
3230	1
3231	1
3232	4
3233	3
3234	2
3246	3
3247	1
3248	1
3249	1
3250	1
3251	1
3254	1
3256	1
3258	2
3259	2
3266	1
3269	1
3270	1
3272	1
3273	2
3285	1
3289	1
3295	2
3296	1
3299	2
3301	1
3306	1
3307	1
3309	1
3311	1
3313	1
3316	3
3319	1
3321	2
3322	1
3323	1
3324	1
3328	3
3340	1
3341	1
3342	1
3344	1
3346	1
3350	1
3354	1
3360	1
3367	1
3370	1
3371	1
3372	1
3373	1
3375	1
3377	1
3378	1
3380	2
3394	1
3398	1
3399	1
3400	1
3408	1
3413	1
3414	1
3415	1
3418	1
3419	2
3427	1
3428	1
3430	1
3431	1
3444	1
3448	1
3449	1
3452	2
3458	1
3460	1
3461	2
3463	1
3468	1
3470	1
3476	1
3477	1
3482	1
3483	2
3495	1
3496	2
3499	2
3503	1
3504	2
3510	1
3523	1
3524	1
3526	1
3532	1
3535	1
3537	1
3542	1
3553	1
3557	1
3565	1
3567	1
3568	1
3574	1
3586	1
3587	1
3588	1
3589	1
3590	1
3592	1
3594	1
3597	1
3598	1
3604	1
3606	1
3610	1
3618	1
3623	1
3628	1
3629	1
3634	1
3646	1
3658	1
3667	2
3699	1
3700	1
3713	1
3730	1
3742	1
3750	1
3773	1
3777	1
3780	2
3781	1
3792	1
3794	1
3811	1
3818	1
3831	1
3834	1
3848	1
3856	1
3873	1
3875	1
3891	1
3907	1
3918	1
3925	2
3927	1
3934	1
3956	1
3968	1
3970	1
3994	1
4015	1
4044	1
4050	1
4075	1
4076	1
4083	1
4084	1
4112	1
4113	1
4120	1
4191	1
4300	1
4314	1
4350	1
4359	1
4370	1
4415	1
4447	1
4471	1
4479	1
4490	2
4507	1
4544	1
4550	1
4552	1
4554	1
4592	1
4609	1
4652	1
4658	1
4668	1
4695	1
4720	1
4837	1
4843	1
4885	1
4933	1
5000	1
5013	1
5168	1
5713	1
5949	1
6525	1
6588	1
