Pay	Frequency
0	99667348
6	4
8	5
9	2
10	4
12	4
14	6
15	3
16	6
17	2
18	10
19	4
20	14
21	2
22	11
23	3
24	21
25	6
26	12
27	7
28	24
29	5
30	17
31	5
32	28
33	7
34	21
35	7
36	26
37	9
38	22
39	14
40	34
41	6
42	22
43	9
44	28
45	12
46	29
47	8
48	47
49	17
50	34
51	10
52	33
53	16
54	28
55	16
56	62
57	8
58	28
59	11
60	44
61	16
62	39
63	18
64	46
65	14
66	45
67	19
68	48
69	15
70	46
71	22
72	66
73	24
74	32
75	28
76	52
77	11
78	43
79	20
80	56
81	17
82	52
83	17
84	61
85	25
86	50
87	25
88	60
89	24
90	41
91	27
92	65
93	18
94	45
95	23
96	71
97	21
98	43
99	24
100	656
101	21
102	131
103	74
104	140
105	32
106	127
107	43
108	163
109	49
110	110
111	43
112	191
113	46
114	98
115	42
116	161
117	33
118	114
119	52
120	205
121	50
122	113
123	70
124	195
125	859
126	129
127	153
128	191
129	177
130	153
131	154
132	187
133	200
134	133
135	144
136	185
137	189
138	126
139	124
140	214
141	197
142	137
143	138
144	196
145	196
146	123
147	120
148	187
149	214
150	161
151	129
152	199
153	143
154	154
155	141
156	209
157	207
158	124
159	139
160	201
161	153
162	149
163	114
164	186
165	177
166	148
167	122
168	215
169	144
170	144
171	132
172	198
173	177
174	132
175	148
176	184
177	120
178	162
179	133
180	203
181	162
182	139
183	140
184	196
185	170
186	151
187	128
188	194
189	164
190	167
191	144
192	187
193	134
194	138
195	125
196	192
197	149
198	143
199	107
200	198
201	122
202	148
203	117
204	161
205	162
206	144
207	150
208	177
209	144
210	156
211	132
212	175
213	132
214	137
215	138
216	148
217	127
218	128
219	119
220	218
221	167
222	146
223	150
224	163
225	147
226	150
227	122
228	197
229	160
230	158
231	117
232	185
233	129
234	126
235	119
236	159
237	161
238	141
239	123
240	194
241	129
242	140
243	117
244	184
245	159
246	169
247	126
248	165
249	132
250	1030
251	133
252	293
253	223
254	261
255	119
256	287
257	150
258	338
259	158
260	291
261	156
262	285
263	144
264	237
265	184
266	286
267	158
268	269
269	198
270	349
271	149
272	248
273	155
274	303
275	148
276	262
277	205
278	247
279	162
280	278
281	160
282	245
283	150
284	215
285	192
286	268
287	140
288	234
289	190
290	302
291	166
292	269
293	153
294	251
295	181
296	228
297	145
298	298
299	148
300	242
301	165
302	203
303	155
304	246
305	196
306	233
307	150
308	281
309	149
310	293
311	117
312	236
313	158
314	281
315	143
316	228
317	184
318	235
319	151
320	255
321	143
322	254
323	144
324	227
325	193
326	215
327	146
328	225
329	171
330	252
331	137
332	259
333	168
334	233
335	165
336	244
337	143
338	237
339	155
340	324
341	158
342	235
343	149
344	226
345	190
346	215
347	155
348	220
349	170
350	218
351	156
352	244
353	170
354	243
355	152
356	249
357	156
358	221
359	157
360	218
361	164
362	224
363	156
364	222
365	196
366	221
367	141
368	219
369	135
370	254
371	155
372	225
373	168
374	190
375	145
376	259
377	130
378	232
379	140
380	256
381	161
382	227
383	164
384	227
385	191
386	214
387	150
388	204
389	178
390	219
391	141
392	246
393	153
394	260
395	152
396	245
397	169
398	224
399	136
400	266
401	148
402	212
403	139
404	225
405	154
406	210
407	162
408	216
409	135
410	239
411	119
412	249
413	191
414	215
415	144
416	196
417	153
418	255
419	140
420	250
421	129
422	211
423	137
424	217
425	179
426	239
427	157
428	215
429	152
430	230
431	138
432	221
433	146
434	192
435	144
436	209
437	153
438	219
439	160
440	210
441	128
442	234
443	152
444	176
445	193
446	188
447	132
448	234
449	122
450	221
451	153
452	216
453	141
454	207
455	157
456	238
457	149
458	225
459	142
460	265
461	173
462	186
463	126
464	196
465	155
466	216
467	136
468	188
469	159
470	205
471	137
472	220
473	157
474	205
475	148
476	173
477	158
478	206
479	133
480	233
481	148
482	188
483	143
484	216
485	160
486	195
487	120
488	196
489	142
490	247
491	122
492	209
493	143
494	173
495	121
496	212
497	148
498	215
499	132
500	1020
501	134
502	291
503	202
504	260
505	168
506	270
507	129
508	353
509	191
510	309
511	160
512	355
513	132
514	245
515	190
516	345
517	162
518	269
519	160
520	344
521	151
522	261
523	157
524	361
525	176
526	247
527	150
528	284
529	167
530	297
531	140
532	323
533	151
534	252
535	170
536	310
537	146
538	239
539	160
540	311
541	158
542	247
543	155
544	315
545	168
546	255
547	155
548	338
549	150
550	278
551	156
552	286
553	180
554	238
555	169
556	286
557	168
558	217
559	167
560	306
561	166
562	256
563	178
564	289
565	173
566	254
567	142
568	263
569	165
570	269
571	139
572	292
573	158
574	228
575	175
576	263
577	169
578	242
579	165
580	336
581	154
582	227
583	149
584	273
585	142
586	258
587	166
588	241
589	163
590	248
591	151
592	271
593	140
594	259
595	175
596	282
597	159
598	234
599	147
600	284
601	153
602	231
603	152
604	249
605	186
606	211
607	170
608	226
609	146
610	255
611	159
612	252
613	136
614	247
615	152
616	249
617	157
618	202
619	159
620	311
621	146
622	222
623	168
624	223
625	154
626	231
627	155
628	234
629	166
630	238
631	157
632	225
633	165
634	216
635	179
636	232
637	154
638	233
639	129
640	259
641	160
642	234
643	155
644	219
645	156
646	226
647	143
648	245
649	152
650	238
651	147
652	230
653	158
654	157
655	153
656	219
657	157
658	219
659	149
660	261
661	137
662	230
663	164
664	229
665	152
666	198
667	143
668	225
669	150
670	212
671	160
672	209
673	147
674	207
675	136
676	213
677	153
678	198
679	130
680	265
681	160
682	201
683	155
684	212
685	167
686	210
687	115
688	208
689	172
690	198
691	137
692	248
693	163
694	206
695	151
696	183
697	143
698	218
699	144
700	241
701	155
702	173
703	162
704	215
705	161
706	177
707	133
708	216
709	145
710	192
711	136
712	196
713	142
714	188
715	160
716	244
717	144
718	206
719	141
720	241
721	150
722	177
723	131
724	223
725	146
726	198
727	139
728	222
729	137
730	234
731	115
732	225
733	146
734	190
735	157
736	201
737	130
738	192
739	154
740	285
741	150
742	191
743	152
744	207
745	162
746	205
747	144
748	188
749	143
750	799
751	139
752	246
753	185
754	266
755	168
756	291
757	138
758	277
759	153
760	276
761	151
762	319
763	168
764	249
765	192
766	360
767	154
768	269
769	150
770	309
771	145
772	258
773	138
774	286
775	162
776	263
777	157
778	267
779	157
780	296
781	158
782	275
783	159
784	231
785	168
786	267
787	136
788	247
789	162
790	264
791	152
792	259
793	141
794	241
795	157
796	250
797	183
798	269
799	131
800	289
801	147
802	255
803	141
804	234
805	153
806	235
807	164
808	229
809	124
810	279
811	143
812	252
813	152
814	241
815	170
816	197
817	156
818	230
819	144
820	285
821	155
822	257
823	162
824	249
825	153
826	228
827	150
828	218
829	133
830	233
831	130
832	204
833	153
834	258
835	164
836	239
837	162
838	217
839	146
840	268
841	137
842	211
843	135
844	215
845	184
846	234
847	151
848	247
849	155
850	272
851	143
852	198
853	170
854	216
855	120
856	220
857	165
858	215
859	149
860	278
861	149
862	210
863	157
864	216
865	145
866	200
867	139
868	232
869	153
870	270
871	145
872	213
873	138
874	229
875	157
876	222
877	140
878	214
879	145
880	244
881	158
882	205
883	149
884	202
885	154
886	248
887	157
888	215
889	113
890	221
891	155
892	222
893	155
894	217
895	150
896	203
897	126
898	182
899	128
900	229
901	141
902	197
903	128
904	212
905	164
906	220
907	134
908	223
909	157
910	212
911	125
912	193
913	156
914	186
915	137
916	200
917	133
918	248
919	148
920	227
921	153
922	212
923	136
924	194
925	152
926	218
927	125
928	189
929	118
930	221
931	136
932	205
933	127
934	178
935	168
936	210
937	142
938	169
939	115
940	207
941	119
942	200
943	134
944	184
945	135
946	185
947	138
948	199
949	141
950	204
951	132
952	182
953	127
954	211
955	133
956	190
957	123
958	180
959	132
960	228
961	124
962	186
963	137
964	185
965	161
966	170
967	120
968	172
969	129
970	195
971	115
972	229
973	123
974	185
975	129
976	169
977	128
978	160
979	110
980	213
981	110
982	201
983	131
984	180
985	113
986	176
987	117
988	182
989	125
990	224
991	125
992	169
993	130
994	199
995	130
996	188
997	137
998	217
999	99
1000	241
1001	119
1002	179
1003	134
1004	194
1005	137
1006	183
1007	126
1008	208
1009	133
1010	198
1011	122
1012	187
1013	118
1014	198
1015	139
1016	178
1017	105
1018	190
1019	131
1020	197
1021	118
1022	178
1023	117
1024	177
1025	138
1026	177
1027	113
1028	168
1029	154
1030	192
1031	117
1032	178
1033	129
1034	187
1035	114
1036	173
1037	110
1038	188
1039	124
1040	198
1041	122
1042	179
1043	107
1044	163
1045	98
1046	148
1047	118
1048	169
1049	112
1050	174
1051	109
1052	175
1053	115
1054	188
1055	123
1056	160
1057	125
1058	172
1059	126
1060	186
1061	103
1062	168
1063	134
1064	156
1065	112
1066	169
1067	119
1068	190
1069	131
1070	223
1071	102
1072	181
1073	92
1074	155
1075	129
1076	196
1077	131
1078	136
1079	122
1080	172
1081	127
1082	173
1083	105
1084	172
1085	138
1086	163
1087	114
1088	179
1089	118
1090	166
1091	112
1092	183
1093	116
1094	162
1095	110
1096	159
1097	121
1098	154
1099	101
1100	175
1101	113
1102	158
1103	99
1104	157
1105	109
1106	173
1107	111
1108	154
1109	112
1110	172
1111	106
1112	149
1113	105
1114	163
1115	109
1116	172
1117	113
1118	174
1119	119
1120	192
1121	117
1122	135
1123	127
1124	146
1125	119
1126	142
1127	122
1128	168
1129	102
1130	167
1131	112
1132	165
1133	111
1134	151
1135	107
1136	148
1137	100
1138	161
1139	97
1140	194
1141	100
1142	163
1143	97
1144	150
1145	113
1146	144
1147	112
1148	147
1149	103
1150	155
1151	119
1152	151
1153	116
1154	124
1155	123
1156	137
1157	120
1158	136
1159	95
1160	164
1161	116
1162	157
1163	112
1164	154
1165	115
1166	142
1167	109
1168	150
1169	100
1170	152
1171	96
1172	185
1173	113
1174	133
1175	109
1176	166
1177	104
1178	149
1179	103
1180	172
1181	106
1182	136
1183	94
1184	140
1185	116
1186	131
1187	94
1188	134
1189	101
1190	138
1191	109
1192	165
1193	107
1194	136
1195	99
1196	135
1197	96
1198	118
1199	87
1200	160
1201	92
1202	157
1203	100
1204	145
1205	124
1206	127
1207	94
1208	149
1209	97
1210	152
1211	111
1212	160
1213	108
1214	121
1215	117
1216	137
1217	100
1218	137
1219	86
1220	182
1221	85
1222	147
1223	114
1224	138
1225	111
1226	142
1227	89
1228	146
1229	90
1230	167
1231	90
1232	140
1233	87
1234	148
1235	80
1236	140
1237	96
1238	144
1239	88
1240	157
1241	108
1242	147
1243	94
1244	152
1245	94
1246	152
1247	88
1248	142
1249	76
1250	166
1251	97
1252	147
1253	81
1254	135
1255	92
1256	142
1257	102
1258	135
1259	105
1260	133
1261	108
1262	125
1263	109
1264	112
1265	100
1266	122
1267	95
1268	155
1269	105
1270	153
1271	82
1272	137
1273	89
1274	140
1275	104
1276	150
1277	105
1278	127
1279	92
1280	151
1281	99
1282	132
1283	79
1284	137
1285	102
1286	117
1287	78
1288	138
1289	94
1290	133
1291	104
1292	156
1293	99
1294	140
1295	109
1296	103
1297	99
1298	135
1299	95
1300	160
1301	100
1302	117
1303	94
1304	124
1305	111
1306	130
1307	95
1308	133
1309	94
1310	122
1311	97
1312	142
1313	92
1314	119
1315	90
1316	112
1317	70
1318	125
1319	78
1320	131
1321	81
1322	125
1323	78
1324	132
1325	96
1326	98
1327	96
1328	143
1329	95
1330	99
1331	86
1332	126
1333	95
1334	106
1335	102
1336	115
1337	85
1338	108
1339	76
1340	122
1341	81
1342	129
1343	81
1344	112
1345	94
1346	126
1347	76
1348	123
1349	101
1350	136
1351	86
1352	110
1353	100
1354	124
1355	96
1356	103
1357	100
1358	111
1359	105
1360	127
1361	81
1362	107
1363	71
1364	108
1365	83
1366	107
1367	82
1368	120
1369	86
1370	115
1371	72
1372	133
1373	83
1374	113
1375	90
1376	123
1377	95
1378	122
1379	99
1380	130
1381	73
1382	102
1383	90
1384	108
1385	81
1386	91
1387	86
1388	111
1389	93
1390	128
1391	85
1392	103
1393	78
1394	100
1395	75
1396	124
1397	83
1398	102
1399	77
1400	124
1401	73
1402	111
1403	78
1404	120
1405	95
1406	87
1407	92
1408	103
1409	68
1410	127
1411	91
1412	115
1413	76
1414	122
1415	89
1416	111
1417	79
1418	109
1419	71
1420	123
1421	72
1422	92
1423	85
1424	104
1425	80
1426	97
1427	82
1428	99
1429	83
1430	115
1431	68
1432	102
1433	78
1434	103
1435	71
1436	115
1437	84
1438	94
1439	89
1440	118
1441	88
1442	105
1443	81
1444	99
1445	83
1446	86
1447	83
1448	103
1449	80
1450	141
1451	71
1452	100
1453	75
1454	86
1455	56
1456	101
1457	68
1458	119
1459	66
1460	115
1461	66
1462	110
1463	61
1464	102
1465	70
1466	122
1467	63
1468	70
1469	71
1470	101
1471	73
1472	123
1473	69
1474	104
1475	83
1476	117
1477	60
1478	88
1479	65
1480	97
1481	77
1482	87
1483	77
1484	109
1485	83
1486	99
1487	66
1488	93
1489	85
1490	129
1491	73
1492	99
1493	93
1494	106
1495	86
1496	98
1497	73
1498	96
1499	65
1500	116
1501	80
1502	94
1503	81
1504	89
1505	80
1506	102
1507	82
1508	110
1509	74
1510	105
1511	81
1512	108
1513	63
1514	98
1515	91
1516	101
1517	74
1518	90
1519	66
1520	102
1521	88
1522	95
1523	74
1524	93
1525	72
1526	94
1527	62
1528	99
1529	65
1530	94
1531	59
1532	97
1533	72
1534	106
1535	85
1536	107
1537	61
1538	85
1539	60
1540	93
1541	79
1542	89
1543	71
1544	92
1545	72
1546	91
1547	51
1548	76
1549	66
1550	90
1551	74
1552	95
1553	72
1554	86
1555	56
1556	80
1557	69
1558	88
1559	58
1560	103
1561	72
1562	95
1563	66
1564	82
1565	70
1566	76
1567	73
1568	91
1569	83
1570	99
1571	58
1572	100
1573	71
1574	81
1575	71
1576	102
1577	59
1578	91
1579	61
1580	106
1581	62
1582	72
1583	58
1584	89
1585	65
1586	91
1587	72
1588	83
1589	74
1590	82
1591	76
1592	84
1593	62
1594	82
1595	101
1596	94
1597	78
1598	81
1599	62
1600	90
1601	60
1602	82
1603	75
1604	77
1605	67
1606	80
1607	73
1608	79
1609	82
1610	94
1611	73
1612	83
1613	54
1614	81
1615	63
1616	69
1617	74
1618	90
1619	79
1620	108
1621	56
1622	89
1623	66
1624	78
1625	58
1626	91
1627	78
1628	98
1629	60
1630	92
1631	66
1632	93
1633	61
1634	81
1635	68
1636	97
1637	57
1638	93
1639	61
1640	103
1641	74
1642	98
1643	58
1644	84
1645	70
1646	69
1647	52
1648	73
1649	63
1650	114
1651	86
1652	83
1653	51
1654	92
1655	75
1656	76
1657	58
1658	94
1659	69
1660	100
1661	53
1662	76
1663	84
1664	93
1665	57
1666	77
1667	59
1668	81
1669	71
1670	87
1671	65
1672	75
1673	73
1674	79
1675	65
1676	75
1677	54
1678	81
1679	67
1680	99
1681	65
1682	88
1683	69
1684	75
1685	58
1686	94
1687	62
1688	92
1689	52
1690	85
1691	49
1692	88
1693	65
1694	83
1695	62
1696	81
1697	58
1698	65
1699	64
1700	83
1701	54
1702	71
1703	80
1704	93
1705	54
1706	77
1707	67
1708	68
1709	70
1710	87
1711	55
1712	85
1713	74
1714	62
1715	65
1716	74
1717	52
1718	66
1719	66
1720	62
1721	55
1722	71
1723	67
1724	73
1725	61
1726	64
1727	64
1728	76
1729	50
1730	73
1731	56
1732	71
1733	67
1734	68
1735	67
1736	75
1737	56
1738	74
1739	49
1740	90
1741	66
1742	72
1743	54
1744	73
1745	56
1746	79
1747	49
1748	94
1749	62
1750	70
1751	66
1752	66
1753	56
1754	73
1755	67
1756	80
1757	51
1758	77
1759	54
1760	62
1761	53
1762	75
1763	65
1764	80
1765	59
1766	68
1767	59
1768	84
1769	64
1770	78
1771	69
1772	62
1773	57
1774	81
1775	56
1776	68
1777	65
1778	69
1779	53
1780	80
1781	58
1782	66
1783	45
1784	58
1785	62
1786	83
1787	53
1788	83
1789	59
1790	79
1791	45
1792	71
1793	52
1794	65
1795	63
1796	91
1797	53
1798	75
1799	45
1800	82
1801	48
1802	68
1803	59
1804	78
1805	58
1806	89
1807	45
1808	74
1809	50
1810	84
1811	45
1812	75
1813	46
1814	69
1815	53
1816	75
1817	58
1818	71
1819	52
1820	50
1821	59
1822	76
1823	52
1824	69
1825	54
1826	73
1827	50
1828	75
1829	63
1830	83
1831	42
1832	58
1833	46
1834	63
1835	42
1836	91
1837	63
1838	66
1839	61
1840	80
1841	59
1842	66
1843	43
1844	71
1845	46
1846	59
1847	44
1848	70
1849	62
1850	76
1851	49
1852	55
1853	47
1854	76
1855	47
1856	69
1857	42
1858	66
1859	60
1860	89
1861	49
1862	83
1863	46
1864	73
1865	58
1866	70
1867	50
1868	62
1869	41
1870	69
1871	54
1872	79
1873	63
1874	60
1875	48
1876	68
1877	60
1878	73
1879	48
1880	82
1881	42
1882	68
1883	48
1884	80
1885	48
1886	64
1887	42
1888	62
1889	48
1890	67
1891	45
1892	73
1893	55
1894	69
1895	53
1896	63
1897	52
1898	62
1899	43
1900	74
1901	53
1902	53
1903	46
1904	58
1905	57
1906	42
1907	43
1908	66
1909	56
1910	68
1911	53
1912	57
1913	55
1914	57
1915	50
1916	80
1917	69
1918	60
1919	56
1920	62
1921	49
1922	58
1923	45
1924	53
1925	56
1926	61
1927	53
1928	52
1929	40
1930	62
1931	49
1932	58
1933	50
1934	48
1935	60
1936	54
1937	50
1938	70
1939	48
1940	72
1941	43
1942	59
1943	48
1944	57
1945	47
1946	72
1947	44
1948	58
1949	37
1950	60
1951	52
1952	57
1953	47
1954	58
1955	49
1956	63
1957	41
1958	70
1959	42
1960	61
1961	44
1962	71
1963	44
1964	59
1965	66
1966	55
1967	40
1968	64
1969	36
1970	61
1971	39
1972	57
1973	38
1974	56
1975	42
1976	66
1977	47
1978	65
1979	48
1980	58
1981	49
1982	58
1983	41
1984	64
1985	53
1986	69
1987	39
1988	46
1989	33
1990	52
1991	56
1992	53
1993	49
1994	55
1995	34
1996	60
1997	39
1998	50
1999	47
2000	67
2001	41
2002	56
2003	46
2004	56
2005	53
2006	60
2007	40
2008	61
2009	41
2010	56
2011	54
2012	52
2013	57
2014	41
2015	43
2016	60
2017	35
2018	59
2019	39
2020	71
2021	46
2022	66
2023	35
2024	55
2025	33
2026	61
2027	42
2028	60
2029	44
2030	45
2031	45
2032	58
2033	43
2034	51
2035	41
2036	56
2037	45
2038	66
2039	46
2040	56
2041	34
2042	51
2043	39
2044	68
2045	42
2046	56
2047	53
2048	54
2049	49
2050	69
2051	47
2052	54
2053	42
2054	63
2055	50
2056	68
2057	45
2058	41
2059	57
2060	56
2061	41
2062	49
2063	45
2064	54
2065	45
2066	49
2067	37
2068	51
2069	36
2070	65
2071	42
2072	59
2073	54
2074	52
2075	48
2076	60
2077	36
2078	63
2079	39
2080	64
2081	35
2082	43
2083	48
2084	58
2085	43
2086	59
2087	46
2088	64
2089	43
2090	55
2091	48
2092	61
2093	39
2094	59
2095	41
2096	61
2097	51
2098	45
2099	45
2100	75
2101	47
2102	60
2103	46
2104	57
2105	43
2106	44
2107	38
2108	65
2109	40
2110	65
2111	38
2112	45
2113	45
2114	60
2115	34
2116	48
2117	53
2118	50
2119	36
2120	54
2121	54
2122	51
2123	50
2124	57
2125	45
2126	56
2127	35
2128	44
2129	36
2130	52
2131	44
2132	58
2133	45
2134	59
2135	58
2136	55
2137	45
2138	50
2139	44
2140	48
2141	44
2142	52
2143	46
2144	58
2145	43
2146	57
2147	51
2148	51
2149	43
2150	62
2151	41
2152	47
2153	44
2154	65
2155	50
2156	54
2157	42
2158	60
2159	43
2160	50
2161	33
2162	40
2163	36
2164	43
2165	41
2166	39
2167	42
2168	52
2169	43
2170	50
2171	32
2172	39
2173	41
2174	53
2175	37
2176	41
2177	46
2178	46
2179	24
2180	59
2181	33
2182	34
2183	37
2184	52
2185	50
2186	52
2187	40
2188	59
2189	33
2190	45
2191	32
2192	48
2193	31
2194	51
2195	49
2196	53
2197	30
2198	44
2199	37
2200	47
2201	45
2202	52
2203	29
2204	69
2205	41
2206	32
2207	31
2208	43
2209	38
2210	41
2211	40
2212	40
2213	50
2214	57
2215	34
2216	52
2217	37
2218	49
2219	39
2220	50
2221	35
2222	49
2223	32
2224	42
2225	37
2226	50
2227	38
2228	49
2229	30
2230	57
2231	41
2232	48
2233	38
2234	44
2235	36
2236	42
2237	49
2238	44
2239	29
2240	56
2241	41
2242	51
2243	25
2244	49
2245	29
2246	45
2247	31
2248	50
2249	33
2250	46
2251	33
2252	54
2253	53
2254	42
2255	31
2256	39
2257	37
2258	63
2259	35
2260	48
2261	38
2262	51
2263	36
2264	47
2265	41
2266	39
2267	35
2268	55
2269	27
2270	43
2271	33
2272	48
2273	32
2274	32
2275	45
2276	47
2277	21
2278	35
2279	37
2280	47
2281	35
2282	44
2283	37
2284	48
2285	40
2286	46
2287	39
2288	43
2289	45
2290	46
2291	40
2292	49
2293	39
2294	44
2295	32
2296	45
2297	32
2298	45
2299	35
2300	53
2301	31
2302	37
2303	40
2304	31
2305	36
2306	40
2307	29
2308	41
2309	22
2310	44
2311	33
2312	34
2313	47
2314	46
2315	37
2316	36
2317	30
2318	38
2319	46
2320	44
2321	47
2322	50
2323	46
2324	40
2325	35
2326	41
2327	31
2328	38
2329	43
2330	47
2331	38
2332	44
2333	26
2334	44
2335	36
2336	41
2337	31
2338	32
2339	36
2340	31
2341	30
2342	38
2343	34
2344	46
2345	21
2346	40
2347	32
2348	42
2349	41
2350	56
2351	46
2352	41
2353	28
2354	42
2355	31
2356	49
2357	35
2358	42
2359	31
2360	47
2361	49
2362	42
2363	37
2364	49
2365	35
2366	31
2367	35
2368	50
2369	35
2370	39
2371	35
2372	28
2373	35
2374	45
2375	32
2376	42
2377	27
2378	38
2379	36
2380	56
2381	26
2382	47
2383	25
2384	47
2385	30
2386	36
2387	35
2388	34
2389	30
2390	49
2391	29
2392	31
2393	38
2394	36
2395	32
2396	44
2397	30
2398	32
2399	31
2400	38
2401	27
2402	44
2403	34
2404	41
2405	32
2406	50
2407	29
2408	36
2409	30
2410	44
2411	31
2412	40
2413	25
2414	38
2415	28
2416	46
2417	28
2418	38
2419	20
2420	30
2421	27
2422	30
2423	38
2424	41
2425	34
2426	25
2427	26
2428	40
2429	30
2430	46
2431	30
2432	25
2433	37
2434	40
2435	30
2436	46
2437	42
2438	38
2439	37
2440	46
2441	34
2442	44
2443	25
2444	34
2445	32
2446	36
2447	34
2448	40
2449	28
2450	24
2451	24
2452	30
2453	35
2454	28
2455	22
2456	29
2457	34
2458	27
2459	30
2460	40
2461	32
2462	40
2463	34
2464	30
2465	36
2466	44
2467	24
2468	29
2469	32
2470	50
2471	38
2472	38
2473	31
2474	48
2475	40
2476	34
2477	37
2478	39
2479	39
2480	43
2481	21
2482	45
2483	30
2484	37
2485	33
2486	43
2487	26
2488	42
2489	34
2490	36
2491	26
2492	42
2493	29
2494	30
2495	27
2496	25
2497	32
2498	37
2499	14
2500	71
2501	27
2502	50
2503	40
2504	49
2505	25
2506	41
2507	36
2508	41
2509	34
2510	42
2511	36
2512	36
2513	32
2514	37
2515	31
2516	39
2517	24
2518	34
2519	26
2520	33
2521	28
2522	33
2523	22
2524	49
2525	32
2526	33
2527	28
2528	29
2529	27
2530	40
2531	32
2532	49
2533	26
2534	42
2535	32
2536	56
2537	29
2538	44
2539	36
2540	30
2541	24
2542	36
2543	23
2544	46
2545	29
2546	29
2547	26
2548	41
2549	39
2550	29
2551	28
2552	54
2553	30
2554	40
2555	24
2556	41
2557	22
2558	36
2559	27
2560	36
2561	27
2562	36
2563	35
2564	38
2565	33
2566	36
2567	40
2568	40
2569	29
2570	27
2571	26
2572	43
2573	17
2574	43
2575	25
2576	42
2577	29
2578	35
2579	29
2580	40
2581	23
2582	44
2583	30
2584	40
2585	23
2586	44
2587	31
2588	38
2589	21
2590	30
2591	22
2592	47
2593	36
2594	39
2595	28
2596	38
2597	31
2598	27
2599	38
2600	39
2601	31
2602	25
2603	34
2604	36
2605	22
2606	32
2607	24
2608	35
2609	36
2610	30
2611	31
2612	39
2613	32
2614	42
2615	27
2616	33
2617	28
2618	49
2619	27
2620	40
2621	23
2622	24
2623	34
2624	29
2625	32
2626	31
2627	27
2628	43
2629	17
2630	33
2631	30
2632	23
2633	24
2634	30
2635	23
2636	31
2637	26
2638	28
2639	19
2640	33
2641	30
2642	31
2643	26
2644	31
2645	34
2646	26
2647	27
2648	34
2649	32
2650	37
2651	22
2652	38
2653	42
2654	28
2655	23
2656	36
2657	32
2658	40
2659	19
2660	31
2661	26
2662	35
2663	39
2664	27
2665	20
2666	29
2667	31
2668	41
2669	29
2670	32
2671	32
2672	40
2673	24
2674	36
2675	26
2676	24
2677	32
2678	32
2679	28
2680	34
2681	27
2682	34
2683	20
2684	24
2685	24
2686	30
2687	34
2688	29
2689	34
2690	29
2691	23
2692	26
2693	21
2694	28
2695	31
2696	17
2697	15
2698	32
2699	27
2700	36
2701	24
2702	29
2703	24
2704	24
2705	25
2706	35
2707	22
2708	38
2709	22
2710	25
2711	26
2712	30
2713	36
2714	30
2715	22
2716	47
2717	28
2718	30
2719	21
2720	29
2721	19
2722	23
2723	31
2724	27
2725	25
2726	30
2727	22
2728	46
2729	24
2730	34
2731	25
2732	29
2733	24
2734	31
2735	21
2736	26
2737	21
2738	31
2739	24
2740	31
2741	23
2742	31
2743	22
2744	30
2745	22
2746	26
2747	32
2748	36
2749	20
2750	31
2751	22
2752	33
2753	26
2754	20
2755	23
2756	40
2757	27
2758	30
2759	23
2760	29
2761	26
2762	41
2763	22
2764	26
2765	28
2766	30
2767	20
2768	41
2769	23
2770	24
2771	24
2772	33
2773	27
2774	30
2775	17
2776	29
2777	19
2778	30
2779	20
2780	24
2781	26
2782	29
2783	23
2784	30
2785	30
2786	36
2787	18
2788	28
2789	24
2790	26
2791	27
2792	38
2793	31
2794	32
2795	23
2796	22
2797	24
2798	18
2799	29
2800	31
2801	16
2802	28
2803	30
2804	31
2805	20
2806	25
2807	16
2808	33
2809	22
2810	27
2811	26
2812	30
2813	19
2814	24
2815	24
2816	28
2817	19
2818	41
2819	27
2820	36
2821	25
2822	31
2823	23
2824	29
2825	31
2826	24
2827	18
2828	17
2829	27
2830	30
2831	20
2832	26
2833	26
2834	31
2835	26
2836	28
2837	30
2838	28
2839	29
2840	35
2841	24
2842	26
2843	21
2844	29
2845	26
2846	31
2847	29
2848	26
2849	20
2850	23
2851	17
2852	36
2853	21
2854	35
2855	18
2856	28
2857	16
2858	21
2859	19
2860	26
2861	18
2862	25
2863	19
2864	29
2865	26
2866	36
2867	21
2868	10
2869	26
2870	27
2871	23
2872	25
2873	22
2874	32
2875	23
2876	22
2877	18
2878	32
2879	29
2880	30
2881	16
2882	26
2883	21
2884	34
2885	19
2886	28
2887	21
2888	31
2889	22
2890	30
2891	15
2892	25
2893	27
2894	20
2895	16
2896	29
2897	24
2898	25
2899	26
2900	24
2901	28
2902	25
2903	19
2904	29
2905	24
2906	25
2907	30
2908	20
2909	11
2910	25
2911	27
2912	24
2913	17
2914	27
2915	28
2916	31
2917	30
2918	29
2919	19
2920	25
2921	30
2922	22
2923	26
2924	28
2925	24
2926	22
2927	13
2928	35
2929	23
2930	27
2931	22
2932	27
2933	31
2934	21
2935	27
2936	23
2937	18
2938	39
2939	15
2940	32
2941	19
2942	23
2943	34
2944	21
2945	21
2946	36
2947	16
2948	27
2949	23
2950	23
2951	22
2952	27
2953	19
2954	25
2955	22
2956	35
2957	20
2958	26
2959	21
2960	28
2961	19
2962	36
2963	20
2964	29
2965	20
2966	27
2967	17
2968	23
2969	27
2970	28
2971	14
2972	29
2973	17
2974	26
2975	14
2976	18
2977	21
2978	37
2979	20
2980	29
2981	17
2982	24
2983	18
2984	30
2985	25
2986	22
2987	9
2988	26
2989	22
2990	24
2991	16
2992	24
2993	22
2994	27
2995	30
2996	20
2997	23
2998	22
2999	14
3000	31
3001	12
3002	28
3003	12
3004	27
3005	25
3006	20
3007	15
3008	26
3009	23
3010	23
3011	13
3012	26
3013	21
3014	23
3015	24
3016	27
3017	21
3018	26
3019	24
3020	32
3021	20
3022	36
3023	16
3024	18
3025	20
3026	35
3027	18
3028	24
3029	15
3030	24
3031	15
3032	26
3033	13
3034	18
3035	19
3036	26
3037	24
3038	20
3039	20
3040	28
3041	25
3042	16
3043	19
3044	24
3045	25
3046	26
3047	16
3048	35
3049	26
3050	24
3051	10
3052	27
3053	24
3054	22
3055	19
3056	16
3057	23
3058	26
3059	10
3060	28
3061	13
3062	22
3063	20
3064	31
3065	23
3066	16
3067	25
3068	38
3069	19
3070	16
3071	15
3072	17
3073	15
3074	9
3075	22
3076	22
3077	26
3078	22
3079	22
3080	29
3081	18
3082	18
3083	16
3084	16
3085	19
3086	18
3087	19
3088	17
3089	24
3090	21
3091	16
3092	24
3093	18
3094	21
3095	15
3096	30
3097	16
3098	17
3099	19
3100	20
3101	20
3102	27
3103	13
3104	21
3105	16
3106	15
3107	14
3108	21
3109	17
3110	22
3111	18
3112	19
3113	22
3114	14
3115	11
3116	17
3117	16
3118	22
3119	23
3120	20
3121	20
3122	17
3123	19
3124	33
3125	17
3126	15
3127	20
3128	22
3129	12
3130	29
3131	20
3132	22
3133	22
3134	28
3135	18
3136	21
3137	12
3138	17
3139	20
3140	25
3141	27
3142	25
3143	13
3144	24
3145	18
3146	19
3147	17
3148	18
3149	13
3150	19
3151	13
3152	19
3153	16
3154	20
3155	20
3156	23
3157	13
3158	21
3159	21
3160	30
3161	18
3162	28
3163	16
3164	24
3165	22
3166	14
3167	19
3168	29
3169	16
3170	23
3171	9
3172	25
3173	15
3174	19
3175	11
3176	24
3177	22
3178	26
3179	21
3180	14
3181	19
3182	23
3183	13
3184	25
3185	17
3186	18
3187	18
3188	25
3189	16
3190	25
3191	17
3192	22
3193	14
3194	14
3195	18
3196	21
3197	16
3198	22
3199	13
3200	18
3201	13
3202	28
3203	18
3204	25
3205	19
3206	31
3207	21
3208	19
3209	10
3210	20
3211	19
3212	21
3213	15
3214	18
3215	13
3216	22
3217	24
3218	14
3219	13
3220	20
3221	15
3222	28
3223	17
3224	15
3225	15
3226	21
3227	18
3228	19
3229	10
3230	18
3231	18
3232	11
3233	8
3234	19
3235	16
3236	13
3237	21
3238	24
3239	21
3240	16
3241	15
3242	17
3243	15
3244	14
3245	11
3246	15
3247	18
3248	12
3249	15
3250	28
3251	14
3252	26
3253	12
3254	17
3255	14
3256	22
3257	21
3258	21
3259	13
3260	21
3261	15
3262	17
3263	18
3264	16
3265	18
3266	16
3267	13
3268	17
3269	12
3270	24
3271	28
3272	17
3273	10
3274	14
3275	15
3276	18
3277	14
3278	22
3279	21
3280	21
3281	16
3282	21
3283	17
3284	15
3285	11
3286	21
3287	20
3288	18
3289	13
3290	20
3291	14
3292	12
3293	18
3294	17
3295	15
3296	12
3297	12
3298	14
3299	18
3300	16
3301	6
3302	17
3303	19
3304	15
3305	17
3306	21
3307	14
3308	23
3309	19
3310	18
3311	20
3312	19
3313	17
3314	14
3315	5
3316	18
3317	19
3318	27
3319	24
3320	21
3321	21
3322	20
3323	19
3324	18
3325	14
3326	15
3327	17
3328	21
3329	14
3330	12
3331	15
3332	19
3333	17
3334	12
3335	15
3336	14
3337	14
3338	14
3339	19
3340	26
3341	11
3342	16
3343	19
3344	14
3345	14
3346	10
3347	17
3348	16
3349	22
3350	26
3351	18
3352	23
3353	19
3354	20
3355	14
3356	19
3357	15
3358	17
3359	12
3360	22
3361	13
3362	15
3363	15
3364	16
3365	19
3366	20
3367	10
3368	12
3369	12
3370	18
3371	13
3372	22
3373	16
3374	14
3375	10
3376	30
3377	17
3378	19
3379	12
3380	22
3381	7
3382	20
3383	9
3384	16
3385	19
3386	13
3387	11
3388	22
3389	9
3390	18
3391	15
3392	16
3393	16
3394	22
3395	12
3396	19
3397	14
3398	12
3399	16
3400	10
3401	12
3402	16
3403	13
3404	22
3405	16
3406	11
3407	22
3408	29
3409	10
3410	26
3411	11
3412	15
3413	9
3414	18
3415	21
3416	21
3417	19
3418	16
3419	16
3420	19
3421	12
3422	18
3423	14
3424	22
3425	15
3426	17
3427	14
3428	16
3429	12
3430	15
3431	13
3432	20
3433	14
3434	11
3435	8
3436	22
3437	13
3438	18
3439	10
3440	15
3441	8
3442	16
3443	14
3444	16
3445	12
3446	18
3447	10
3448	16
3449	18
3450	14
3451	13
3452	17
3453	18
3454	18
3455	17
3456	18
3457	15
3458	13
3459	14
3460	20
3461	10
3462	13
3463	13
3464	25
3465	7
3466	21
3467	11
3468	21
3469	6
3470	12
3471	6
3472	6
3473	10
3474	15
3475	10
3476	13
3477	11
3478	15
3479	9
3480	20
3481	8
3482	22
3483	14
3484	12
3485	16
3486	29
3487	12
3488	14
3489	14
3490	23
3491	14
3492	14
3493	12
3494	18
3495	12
3496	13
3497	11
3498	22
3499	11
3500	16
3501	15
3502	21
3503	15
3504	25
3505	16
3506	16
3507	17
3508	15
3509	11
3510	11
3511	12
3512	10
3513	18
3514	12
3515	14
3516	12
3517	15
3518	14
3519	15
3520	23
3521	8
3522	19
3523	9
3524	25
3525	17
3526	23
3527	14
3528	14
3529	16
3530	9
3531	14
3532	5
3533	15
3534	18
3535	14
3536	17
3537	11
3538	14
3539	13
3540	12
3541	11
3542	16
3543	7
3544	16
3545	7
3546	17
3547	12
3548	17
3549	11
3550	18
3551	12
3552	10
3553	9
3554	18
3555	8
3556	19
3557	16
3558	18
3559	12
3560	20
3561	7
3562	15
3563	14
3564	11
3565	15
3566	18
3567	15
3568	17
3569	8
3570	16
3571	12
3572	11
3573	9
3574	11
3575	16
3576	15
3577	19
3578	17
3579	6
3580	15
3581	13
3582	21
3583	17
3584	16
3585	14
3586	8
3587	14
3588	15
3589	13
3590	14
3591	10
3592	13
3593	14
3594	12
3595	7
3596	14
3597	12
3598	15
3599	10
3600	26
3601	16
3602	19
3603	19
3604	10
3605	18
3606	15
3607	14
3608	13
3609	13
3610	17
3611	13
3612	15
3613	14
3614	16
3615	19
3616	19
3617	7
3618	14
3619	7
3620	18
3621	16
3622	16
3623	9
3624	15
3625	18
3626	18
3627	18
3628	18
3629	17
3630	19
3631	17
3632	14
3633	7
3634	10
3635	14
3636	17
3637	9
3638	12
3639	10
3640	11
3641	14
3642	15
3643	3
3644	16
3645	13
3646	10
3647	10
3648	10
3649	8
3650	19
3651	11
3652	10
3653	12
3654	11
3655	5
3656	13
3657	8
3658	16
3659	14
3660	12
3661	13
3662	13
3663	9
3664	11
3665	5
3666	16
3667	7
3668	14
3669	13
3670	15
3671	10
3672	11
3673	12
3674	18
3675	3
3676	14
3677	8
3678	13
3679	11
3680	8
3681	11
3682	15
3683	16
3684	23
3685	9
3686	9
3687	4
3688	9
3689	9
3690	11
3691	11
3692	13
3693	15
3694	12
3695	12
3696	26
3697	12
3698	11
3699	5
3700	16
3701	10
3702	11
3703	15
3704	14
3705	13
3706	8
3707	10
3708	15
3709	8
3710	10
3711	11
3712	19
3713	13
3714	13
3715	16
3716	16
3717	13
3718	12
3719	11
3720	16
3721	5
3722	7
3723	7
3724	10
3725	15
3726	16
3727	8
3728	15
3729	6
3730	13
3731	11
3732	12
3733	5
3734	11
3735	12
3736	16
3737	12
3738	20
3739	11
3740	11
3741	14
3742	2
3743	5
3744	11
3745	15
3746	11
3747	10
3748	15
3749	9
3750	13
3751	9
3752	13
3753	17
3754	6
3755	14
3756	15
3757	10
3758	17
3759	11
3760	15
3761	9
3762	20
3763	10
3764	14
3765	11
3766	10
3767	12
3768	11
3769	14
3770	12
3771	10
3772	19
3773	10
3774	9
3775	11
3776	9
3777	6
3778	13
3779	6
3780	15
3781	11
3782	14
3783	10
3784	13
3785	16
3786	11
3787	12
3788	15
3789	11
3790	18
3791	8
3792	15
3793	13
3794	18
3795	9
3796	14
3797	14
3798	12
3799	10
3800	19
3801	8
3802	13
3803	10
3804	10
3805	19
3806	13
3807	11
3808	12
3809	18
3810	10
3811	6
3812	12
3813	16
3814	14
3815	5
3816	10
3817	11
3818	9
3819	8
3820	13
3821	14
3822	12
3823	7
3824	9
3825	9
3826	11
3827	9
3828	13
3829	9
3830	19
3831	9
3832	11
3833	13
3834	8
3835	12
3836	11
3837	10
3838	11
3839	8
3840	17
3841	8
3842	11
3843	7
3844	10
3845	10
3846	16
3847	9
3848	9
3849	10
3850	10
3851	10
3852	15
3853	10
3854	13
3855	11
3856	14
3857	8
3858	9
3859	9
3860	19
3861	8
3862	10
3863	6
3864	8
3865	3
3866	18
3867	8
3868	10
3869	13
3870	11
3871	11
3872	18
3873	7
3874	9
3875	10
3876	19
3877	11
3878	17
3879	15
3880	11
3881	11
3882	16
3883	11
3884	15
3885	9
3886	15
3887	12
3888	14
3889	7
3890	11
3891	8
3892	13
3893	8
3894	14
3895	8
3896	10
3897	8
3898	12
3899	7
3900	16
3901	15
3902	12
3903	13
3904	17
3905	10
3906	12
3907	5
3908	10
3909	15
3910	22
3911	5
3912	9
3913	10
3914	12
3915	8
3916	11
3917	10
3918	11
3919	2
3920	17
3921	7
3922	10
3923	12
3924	8
3925	9
3926	10
3927	4
3928	12
3929	16
3930	10
3931	14
3932	11
3933	7
3934	14
3935	14
3936	14
3937	12
3938	13
3939	10
3940	11
3941	8
3942	13
3943	8
3944	12
3945	7
3946	9
3947	12
3948	10
3949	10
3950	8
3951	7
3952	7
3953	9
3954	12
3955	12
3956	10
3957	8
3958	8
3959	6
3960	8
3961	12
3962	7
3963	9
3964	10
3965	10
3966	10
3967	12
3968	14
3969	15
3970	13
3971	11
3972	11
3973	11
3974	12
3975	7
3976	9
3977	9
3978	2
3979	7
3980	13
3981	11
3982	7
3983	9
3984	10
3985	8
3986	17
3987	13
3988	15
3989	10
3990	13
3991	12
3992	10
3993	8
3994	9
3995	9
3996	18
3997	10
3998	14
3999	17
4000	16
4001	3
4002	10
4003	8
4004	13
4005	14
4006	10
4007	12
4008	16
4009	16
4010	10
4011	7
4012	22
4013	7
4014	10
4015	8
4016	13
4017	4
4018	10
4019	8
4020	15
4021	12
4022	10
4023	7
4024	19
4025	11
4026	14
4027	11
4028	17
4029	8
4030	10
4031	6
4032	13
4033	8
4034	13
4035	7
4036	13
4037	12
4038	16
4039	8
4040	13
4041	9
4042	9
4043	8
4044	4
4045	6
4046	7
4047	7
4048	10
4049	7
4050	11
4051	6
4052	12
4053	13
4054	11
4055	7
4056	4
4057	8
4058	10
4059	7
4060	13
4061	5
4062	10
4063	7
4064	12
4065	11
4066	10
4067	3
4068	14
4069	3
4070	11
4071	8
4072	14
4073	12
4074	9
4075	12
4076	10
4077	9
4078	12
4079	4
4080	11
4081	12
4082	16
4083	6
4084	9
4085	5
4086	6
4087	9
4088	13
4089	11
4090	10
4091	15
4092	8
4093	9
4094	10
4095	9
4096	9
4097	13
4098	7
4099	8
4100	10
4101	14
4102	17
4103	11
4104	9
4105	11
4106	8
4107	8
4108	12
4109	7
4110	9
4111	4
4112	13
4113	10
4114	7
4115	8
4116	2
4117	4
4118	8
4119	16
4120	7
4121	5
4122	5
4123	13
4124	17
4125	12
4126	11
4127	11
4128	6
4129	8
4130	14
4131	13
4132	13
4133	8
4134	8
4135	10
4136	6
4137	9
4138	11
4139	13
4140	14
4141	5
4142	9
4143	12
4144	9
4145	11
4146	10
4147	9
4148	7
4149	5
4150	12
4151	8
4152	13
4153	15
4154	2
4155	8
4156	11
4157	9
4158	6
4159	10
4160	14
4161	5
4162	14
4163	6
4164	10
4165	12
4166	10
4167	14
4168	9
4169	7
4170	12
4171	9
4172	10
4173	4
4174	13
4175	7
4176	5
4177	7
4178	12
4179	4
4180	16
4181	8
4182	10
4183	12
4184	4
4185	6
4186	14
4187	4
4188	10
4189	8
4190	7
4191	8
4192	9
4193	12
4194	8
4195	8
4196	9
4197	5
4198	10
4199	5
4200	13
4201	2
4202	6
4203	14
4204	10
4205	8
4206	5
4207	8
4208	10
4209	12
4210	6
4211	8
4212	11
4213	7
4214	9
4215	7
4216	8
4217	6
4218	6
4219	4
4220	13
4221	5
4222	8
4223	6
4224	9
4225	7
4226	9
4227	3
4228	8
4229	3
4230	5
4231	8
4232	5
4233	5
4234	12
4235	6
4236	9
4237	3
4238	8
4239	9
4240	13
4241	5
4242	7
4243	10
4244	7
4245	13
4246	8
4247	5
4248	6
4249	9
4250	6
4251	10
4252	8
4253	10
4254	5
4255	7
4256	8
4257	10
4258	10
4259	7
4260	8
4261	7
4262	8
4263	8
4264	6
4265	7
4266	8
4267	7
4268	12
4269	3
4270	9
4271	9
4272	8
4273	7
4274	7
4275	8
4276	11
4277	6
4278	10
4279	7
4280	9
4281	9
4282	5
4283	7
4284	7
4285	6
4286	9
4287	3
4288	4
4289	5
4290	7
4291	5
4292	12
4293	7
4294	4
4295	7
4296	16
4297	3
4298	5
4299	4
4300	9
4301	9
4302	7
4303	6
4304	2
4305	5
4306	7
4307	6
4308	8
4309	6
4310	4
4311	7
4312	6
4313	5
4314	10
4315	5
4316	7
4317	9
4318	5
4319	7
4320	3
4321	6
4322	10
4323	4
4324	7
4325	5
4326	9
4327	5
4328	9
4329	6
4330	10
4331	8
4332	8
4333	10
4334	13
4335	10
4336	10
4337	7
4338	8
4339	4
4340	7
4341	10
4342	2
4343	7
4344	11
4345	7
4346	7
4347	6
4348	8
4349	9
4350	7
4351	5
4352	8
4353	7
4354	9
4355	4
4356	11
4357	6
4358	8
4359	6
4360	9
4361	10
4362	10
4363	9
4364	10
4365	8
4366	6
4367	5
4368	6
4369	7
4370	11
4371	9
4372	6
4373	5
4374	4
4375	4
4376	9
4377	6
4378	10
4379	5
4380	12
4381	5
4382	6
4383	8
4384	2
4385	10
4386	7
4387	6
4388	6
4389	5
4390	5
4391	7
4392	7
4393	5
4394	6
4395	9
4396	7
4397	9
4398	8
4399	3
4400	10
4401	5
4402	9
4403	10
4404	10
4405	5
4406	7
4407	5
4408	7
4409	5
4410	13
4411	7
4412	8
4413	6
4414	10
4415	6
4416	8
4417	7
4418	9
4419	10
4420	8
4421	3
4422	7
4423	5
4424	6
4425	7
4426	7
4427	7
4428	6
4429	4
4430	12
4431	7
4432	11
4433	3
4434	12
4435	4
4436	5
4437	6
4438	5
4439	8
4440	8
4441	7
4442	6
4443	7
4444	10
4445	12
4446	6
4447	6
4448	11
4449	3
4450	10
4451	11
4452	8
4453	7
4454	8
4455	6
4456	11
4457	8
4458	2
4459	6
4460	12
4461	7
4462	6
4463	1
4464	3
4465	6
4466	8
4467	11
4468	5
4469	13
4470	5
4471	1
4472	3
4473	8
4474	10
4475	4
4476	6
4478	13
4479	6
4480	5
4481	6
4482	8
4483	7
4484	9
4485	3
4486	6
4487	10
4488	8
4489	7
4490	11
4491	7
4492	12
4493	7
4494	5
4495	8
4496	6
4497	3
4498	11
4499	6
4500	10
4501	4
4502	9
4503	4
4504	15
4505	7
4506	10
4507	13
4508	11
4509	10
4510	8
4511	8
4512	7
4513	4
4514	4
4515	3
4516	4
4517	5
4518	7
4519	4
4520	8
4521	8
4522	4
4523	11
4524	8
4525	7
4526	9
4527	6
4528	9
4529	3
4530	12
4531	4
4532	6
4533	5
4534	9
4535	12
4536	6
4537	10
4538	6
4539	8
4540	9
4541	7
4542	13
4543	7
4544	9
4545	12
4546	8
4547	4
4548	11
4549	7
4550	5
4551	8
4552	6
4553	3
4554	14
4555	7
4556	5
4557	4
4558	12
4559	8
4560	3
4561	6
4562	9
4563	5
4564	4
4565	5
4566	7
4567	6
4568	8
4569	11
4570	10
4571	2
4572	9
4573	9
4574	5
4575	9
4576	8
4577	8
4578	7
4579	5
4580	10
4581	10
4582	10
4583	6
4584	5
4585	5
4586	8
4587	4
4588	9
4589	1
4590	9
4591	6
4592	6
4593	5
4594	7
4595	4
4596	7
4597	2
4598	4
4599	5
4600	7
4601	7
4602	5
4603	7
4604	5
4605	6
4606	7
4607	5
4608	7
4609	5
4610	10
4611	4
4612	8
4613	8
4614	8
4615	7
4616	5
4617	8
4618	5
4619	4
4620	10
4621	5
4622	6
4623	9
4624	4
4625	5
4626	8
4627	9
4628	10
4629	3
4630	8
4631	5
4632	7
4633	11
4634	5
4635	5
4636	6
4637	5
4638	8
4639	10
4640	6
4641	6
4642	5
4643	13
4644	8
4645	10
4646	5
4647	7
4648	7
4649	6
4650	4
4651	6
4652	4
4653	6
4654	10
4655	6
4656	5
4657	3
4658	6
4659	1
4660	8
4661	3
4662	2
4663	2
4664	5
4665	2
4666	8
4667	7
4668	7
4669	8
4670	6
4671	3
4672	5
4673	5
4674	7
4675	5
4676	8
4677	3
4678	3
4679	1
4680	9
4681	3
4682	2
4683	6
4684	11
4685	10
4686	8
4687	1
4688	3
4689	5
4690	5
4691	8
4692	9
4693	6
4694	7
4695	3
4696	16
4698	5
4699	6
4700	5
4701	3
4702	5
4703	3
4704	6
4705	10
4706	8
4707	6
4708	5
4709	5
4710	5
4711	3
4712	9
4713	6
4714	7
4715	4
4716	2
4717	7
4718	8
4719	6
4720	7
4721	3
4722	7
4723	2
4724	13
4725	5
4726	5
4727	5
4728	5
4729	9
4730	4
4731	6
4732	7
4733	7
4734	7
4735	3
4736	3
4737	2
4738	8
4739	6
4740	9
4741	8
4742	10
4743	5
4744	7
4745	3
4746	5
4747	6
4748	3
4749	5
4750	9
4751	3
4752	10
4753	3
4754	4
4755	5
4756	4
4757	5
4758	6
4759	3
4760	9
4761	5
4762	6
4763	3
4764	3
4765	5
4766	12
4767	7
4768	8
4769	6
4770	6
4771	8
4772	6
4773	7
4774	5
4775	5
4776	8
4777	6
4778	8
4779	3
4780	7
4781	11
4782	10
4783	6
4784	3
4785	7
4786	6
4787	7
4788	7
4789	3
4790	3
4791	2
4792	8
4793	2
4794	3
4795	6
4796	9
4797	7
4798	5
4799	5
4800	7
4801	5
4802	2
4803	10
4804	7
4805	6
4806	6
4807	5
4808	3
4809	5
4810	5
4811	4
4812	6
4813	5
4814	8
4815	6
4816	8
4817	4
4818	4
4819	4
4820	3
4821	4
4822	9
4823	5
4824	6
4825	13
4826	7
4827	3
4828	11
4829	5
4830	6
4831	6
4832	6
4833	4
4834	8
4835	4
4836	3
4837	9
4838	7
4839	3
4840	4
4841	3
4842	4
4843	4
4844	1
4845	6
4846	9
4847	8
4848	8
4849	6
4850	8
4851	5
4852	8
4853	3
4854	8
4855	6
4856	6
4857	7
4858	6
4859	3
4860	6
4861	4
4862	8
4863	3
4864	5
4865	5
4866	6
4867	5
4868	6
4869	6
4870	7
4871	2
4872	6
4873	10
4874	5
4875	3
4876	6
4877	4
4878	4
4879	3
4880	5
4881	6
4882	3
4883	3
4884	11
4885	4
4886	5
4887	5
4888	2
4889	5
4890	5
4891	5
4892	6
4893	6
4894	4
4895	5
4896	6
4897	6
4898	6
4900	8
4901	4
4902	6
4903	6
4904	5
4905	3
4906	7
4907	6
4908	5
4909	5
4910	4
4911	4
4912	4
4913	3
4914	4
4915	4
4916	9
4917	3
4918	6
4919	5
4920	4
4921	1
4922	6
4923	4
4924	6
4925	2
4926	4
4927	5
4928	7
4929	3
4930	3
4931	1
4932	8
4933	5
4934	8
4935	8
4936	10
4937	5
4938	10
4939	4
4940	5
4941	8
4942	8
4943	4
4944	7
4945	4
4946	7
4947	6
4948	4
4949	5
4950	4
4951	3
4952	8
4953	2
4954	3
4955	1
4956	5
4957	6
4958	1
4959	5
4960	3
4961	6
4962	4
4963	5
4964	8
4965	3
4966	7
4967	2
4968	6
4969	2
4970	7
4971	5
4972	3
4973	6
4974	2
4975	5
4976	5
4977	7
4978	6
4979	8
4980	5
4981	11
4982	7
4983	8
4984	5
4985	5
4986	5
4987	7
4988	9
4989	3
4990	10
4991	3
4992	2
4993	3
4994	3
4995	1
4996	4
4997	4
4998	8
4999	3
5000	27
5001	3
5002	11
5003	5
5004	3
5005	6
5006	10
5007	6
5008	7
5009	8
5010	6
5011	8
5012	11
5013	7
5014	10
5015	3
5016	9
5017	4
5018	6
5019	3
5020	5
5021	6
5022	5
5023	5
5024	10
5025	6
5026	6
5027	7
5028	4
5029	3
5030	3
5031	3
5032	6
5033	4
5034	3
5035	4
5036	6
5037	4
5038	4
5039	4
5040	8
5041	2
5042	7
5043	2
5044	4
5045	8
5046	8
5047	4
5048	9
5049	9
5050	4
5051	4
5052	6
5053	3
5054	5
5055	3
5056	5
5057	5
5058	5
5059	4
5060	5
5062	8
5063	8
5064	2
5065	6
5066	9
5067	4
5068	4
5069	7
5070	7
5071	5
5072	9
5073	7
5074	2
5075	3
5076	2
5077	1
5078	8
5079	6
5080	13
5081	1
5082	11
5083	4
5084	3
5085	3
5086	6
5087	6
5088	6
5089	1
5090	5
5091	9
5092	4
5093	6
5094	10
5095	6
5096	3
5097	7
5098	5
5099	6
5100	7
5101	9
5102	7
5103	5
5104	8
5105	6
5106	12
5107	5
5108	9
5109	6
5110	2
5111	2
5112	9
5113	7
5114	7
5115	5
5116	10
5117	9
5118	5
5119	6
5120	8
5121	3
5122	5
5123	3
5124	11
5125	5
5126	6
5127	7
5128	5
5129	7
5130	7
5131	5
5132	8
5133	8
5134	2
5135	6
5136	6
5137	2
5138	2
5139	3
5140	5
5141	7
5142	9
5143	5
5144	8
5145	1
5146	5
5147	5
5148	6
5149	8
5150	5
5151	4
5152	8
5153	6
5154	6
5155	3
5156	7
5157	4
5158	8
5159	6
5160	8
5161	7
5162	6
5163	5
5164	7
5165	4
5166	6
5167	2
5168	6
5169	6
5170	5
5171	7
5172	6
5173	7
5174	1
5175	5
5176	8
5177	5
5178	6
5179	6
5180	8
5181	4
5182	1
5183	8
5184	6
5185	4
5186	5
5187	6
5188	10
5189	4
5190	4
5191	3
5192	7
5193	4
5194	9
5195	4
5196	5
5197	5
5198	6
5199	7
5200	9
5201	7
5202	3
5203	3
5204	8
5205	4
5206	3
5207	3
5208	4
5209	6
5210	4
5211	2
5212	4
5213	2
5214	9
5215	6
5216	5
5217	4
5218	2
5219	3
5220	8
5221	6
5222	5
5223	5
5224	3
5225	5
5226	8
5227	6
5228	6
5229	1
5230	3
5231	6
5232	8
5233	3
5234	4
5235	6
5236	5
5237	6
5238	5
5239	4
5240	2
5241	3
5242	9
5243	8
5244	1
5245	5
5247	3
5248	7
5249	5
5250	4
5251	4
5252	4
5253	4
5254	1
5255	2
5256	6
5257	4
5258	4
5259	5
5260	5
5261	3
5262	6
5263	5
5264	3
5265	7
5266	7
5267	2
5268	7
5269	6
5270	9
5271	2
5272	9
5273	3
5274	5
5275	5
5276	6
5277	5
5278	9
5279	1
5280	7
5281	2
5282	5
5283	4
5284	7
5285	5
5286	8
5287	4
5288	6
5289	2
5290	3
5291	3
5292	7
5293	6
5294	6
5295	4
5296	6
5297	4
5298	3
5299	7
5300	7
5301	2
5302	5
5303	4
5304	9
5305	4
5306	6
5307	3
5308	11
5309	6
5310	5
5311	6
5312	4
5313	2
5314	9
5315	6
5316	5
5317	4
5318	6
5319	4
5320	7
5321	4
5322	3
5323	3
5324	8
5325	2
5326	3
5327	8
5328	8
5329	5
5330	4
5331	1
5332	3
5333	2
5334	1
5335	3
5336	2
5337	2
5338	6
5339	4
5340	8
5341	5
5342	2
5343	7
5344	1
5345	5
5346	7
5347	2
5348	6
5349	5
5350	4
5351	7
5352	6
5353	2
5354	10
5355	3
5356	2
5357	8
5358	3
5359	5
5360	3
5361	3
5362	9
5363	6
5364	8
5365	4
5366	5
5367	5
5368	6
5369	2
5370	7
5371	4
5372	5
5373	5
5374	7
5376	4
5377	3
5378	8
5379	5
5380	5
5381	6
5382	3
5383	5
5384	11
5385	5
5386	6
5387	6
5388	5
5389	3
5390	6
5391	4
5392	8
5393	5
5394	2
5395	6
5396	6
5397	7
5398	1
5399	7
5400	6
5401	6
5402	9
5403	5
5404	4
5405	7
5406	7
5407	4
5408	5
5409	1
5410	6
5411	3
5412	2
5414	1
5415	4
5416	6
5417	5
5418	7
5419	2
5420	6
5421	2
5422	7
5423	4
5424	3
5425	6
5426	3
5427	4
5428	2
5429	3
5430	9
5431	3
5432	8
5433	1
5434	3
5435	4
5436	5
5437	2
5438	2
5439	6
5440	5
5441	3
5442	5
5443	4
5444	5
5445	8
5446	6
5447	4
5448	6
5449	2
5450	3
5451	7
5452	4
5453	9
5454	9
5455	2
5456	5
5457	3
5458	8
5459	6
5460	6
5461	3
5462	4
5463	2
5464	9
5465	3
5466	5
5467	5
5468	8
5469	5
5470	5
5471	2
5472	5
5473	5
5474	3
5475	6
5476	1
5477	3
5478	4
5479	4
5480	7
5481	6
5482	2
5483	6
5484	3
5485	3
5486	2
5487	2
5488	5
5489	3
5490	4
5491	2
5492	3
5493	2
5494	1
5495	3
5496	3
5497	4
5498	2
5499	5
5500	2
5501	2
5502	3
5503	1
5504	6
5505	7
5506	7
5507	5
5508	3
5509	3
5510	2
5511	5
5512	4
5513	5
5514	8
5515	4
5516	7
5517	3
5518	1
5519	3
5520	3
5521	2
5522	2
5523	10
5524	3
5525	1
5526	3
5527	3
5528	4
5529	5
5530	4
5531	3
5532	5
5533	2
5534	9
5535	4
5536	3
5537	3
5538	3
5539	3
5540	6
5541	7
5542	6
5543	1
5544	7
5545	3
5546	5
5547	2
5548	4
5549	4
5550	8
5551	2
5552	3
5553	2
5554	4
5555	2
5556	3
5557	5
5558	6
5559	2
5560	5
5561	2
5562	4
5563	6
5564	3
5565	1
5566	6
5567	1
5568	3
5569	4
5570	5
5571	3
5572	10
5573	3
5574	3
5575	2
5576	3
5577	5
5578	3
5579	3
5580	8
5581	4
5582	6
5583	3
5584	3
5585	4
5586	5
5587	2
5588	5
5589	2
5590	3
5591	1
5592	6
5593	2
5594	1
5595	3
5596	5
5597	7
5598	3
5599	1
5600	4
5601	4
5602	4
5603	6
5604	12
5605	3
5606	4
5607	3
5608	6
5609	2
5610	6
5611	4
5612	5
5613	3
5614	2
5615	1
5616	4
5617	4
5618	4
5619	3
5620	2
5622	4
5623	5
5624	4
5625	5
5626	2
5627	2
5628	1
5629	5
5630	7
5631	4
5632	5
5633	5
5634	4
5635	2
5636	8
5637	1
5638	2
5639	3
5640	3
5641	6
5642	6
5643	2
5644	7
5645	4
5646	2
5647	1
5648	4
5649	6
5650	4
5651	4
5652	2
5653	1
5654	4
5655	7
5656	4
5657	3
5658	2
5659	1
5660	4
5661	3
5662	4
5663	4
5664	1
5665	5
5666	4
5667	2
5668	3
5669	4
5670	7
5671	1
5672	2
5673	2
5674	4
5675	3
5676	5
5677	2
5678	3
5679	2
5680	3
5681	3
5682	4
5683	5
5684	3
5685	2
5686	2
5687	4
5688	4
5689	3
5690	7
5691	1
5692	3
5693	6
5694	5
5695	4
5696	4
5697	3
5698	3
5699	2
5700	5
5701	3
5702	4
5703	4
5704	6
5705	4
5706	3
5707	5
5708	4
5709	3
5710	7
5711	7
5712	1
5713	2
5714	2
5715	4
5716	7
5717	4
5718	2
5719	8
5720	2
5721	6
5722	4
5723	3
5724	6
5725	3
5726	6
5727	4
5728	4
5729	3
5730	5
5731	5
5732	3
5733	2
5734	4
5735	5
5736	2
5738	3
5739	1
5740	4
5741	5
5742	4
5743	8
5744	1
5745	4
5746	3
5747	4
5748	4
5749	3
5750	5
5751	4
5752	5
5753	2
5754	3
5755	6
5756	5
5757	5
5758	4
5759	2
5760	2
5761	5
5762	6
5763	3
5764	5
5765	4
5766	5
5767	10
5768	2
5769	5
5770	4
5771	2
5772	3
5773	2
5774	4
5775	5
5776	1
5777	2
5778	1
5779	3
5780	5
5781	1
5782	3
5783	2
5784	4
5785	2
5786	1
5787	3
5788	3
5789	2
5791	6
5792	4
5793	3
5794	3
5795	3
5796	5
5797	2
5798	3
5799	1
5800	3
5801	2
5802	5
5803	3
5804	3
5805	3
5806	2
5807	6
5808	1
5809	1
5810	7
5811	4
5812	5
5813	1
5814	5
5815	7
5816	2
5817	2
5818	4
5819	3
5820	3
5821	5
5822	8
5823	1
5824	2
5825	2
5826	4
5828	6
5829	7
5830	3
5831	3
5832	3
5833	4
5834	4
5835	1
5836	6
5837	4
5838	4
5839	1
5840	3
5841	3
5842	1
5843	4
5844	3
5845	3
5846	2
5847	6
5849	4
5850	4
5851	5
5852	1
5854	4
5855	1
5856	2
5857	3
5858	1
5859	2
5860	6
5861	3
5862	3
5863	2
5864	3
5865	3
5867	3
5868	3
5869	3
5870	5
5871	4
5872	1
5873	5
5874	3
5876	3
5877	1
5878	4
5879	1
5880	3
5881	7
5882	7
5883	4
5884	1
5885	2
5886	8
5887	4
5888	2
5890	2
5891	5
5892	3
5893	1
5894	1
5895	2
5896	6
5897	4
5898	3
5899	3
5900	5
5901	4
5902	4
5903	2
5904	2
5905	6
5906	7
5908	4
5909	1
5910	7
5911	4
5912	3
5913	3
5914	4
5915	5
5916	4
5917	2
5918	5
5919	5
5920	3
5921	2
5922	8
5923	4
5924	4
5925	4
5927	3
5928	1
5929	1
5930	3
5931	2
5932	3
5933	3
5934	5
5935	6
5936	4
5937	3
5938	3
5939	2
5940	5
5941	6
5942	2
5943	1
5944	6
5945	2
5946	2
5947	1
5948	6
5949	5
5950	4
5951	2
5952	4
5953	4
5954	3
5955	5
5956	4
5957	2
5958	2
5959	2
5960	7
5961	4
5962	3
5963	4
5964	6
5965	3
5966	8
5967	2
5968	1
5969	2
5970	4
5971	3
5972	2
5973	2
5974	4
5975	4
5976	7
5977	2
5978	2
5979	3
5980	1
5981	2
5982	1
5983	2
5984	1
5985	1
5986	4
5987	4
5988	3
5989	8
5990	3
5991	3
5992	6
5993	1
5994	4
5995	7
5996	5
5998	3
5999	2
6000	2
6001	2
6002	1
6003	2
6004	4
6005	4
6007	3
6008	2
6009	1
6010	3
6011	2
6012	3
6014	2
6015	1
6016	6
6018	2
6019	2
6020	4
6021	2
6022	4
6024	2
6025	2
6026	5
6027	4
6028	10
6029	4
6030	2
6031	2
6032	5
6033	2
6034	3
6036	2
6037	1
6038	4
6039	4
6040	3
6041	4
6042	2
6043	2
6044	2
6045	5
6046	2
6047	2
6048	2
6050	4
6051	1
6052	4
6053	3
6054	4
6055	1
6056	4
6057	1
6058	3
6059	2
6060	3
6061	4
6062	3
6064	4
6065	3
6066	2
6068	3
6069	3
6070	2
6071	3
6072	3
6073	2
6074	6
6075	3
6076	2
6077	3
6078	2
6079	2
6080	4
6081	2
6082	4
6083	5
6084	4
6085	3
6086	6
6087	3
6088	3
6090	3
6091	2
6092	3
6093	2
6094	6
6095	3
6096	2
6098	2
6099	2
6100	3
6102	4
6103	5
6104	1
6105	4
6106	4
6107	1
6108	2
6109	2
6110	3
6111	4
6112	2
6113	2
6114	1
6115	3
6116	3
6117	1
6118	3
6119	4
6120	3
6122	2
6124	2
6125	3
6126	8
6127	1
6128	3
6129	3
6130	1
6131	1
6132	3
6133	2
6134	4
6136	2
6137	2
6138	1
6140	3
6143	3
6144	4
6145	1
6146	5
6147	2
6148	3
6149	2
6150	2
6151	1
6152	5
6153	2
6154	3
6155	2
6156	2
6159	4
6160	3
6162	5
6163	5
6164	2
6165	4
6166	2
6167	2
6168	2
6169	4
6170	2
6172	3
6173	4
6174	1
6175	1
6176	2
6177	4
6178	2
6179	1
6180	1
6181	1
6182	2
6183	2
6184	1
6185	2
6186	1
6187	2
6188	1
6189	1
6190	1
6191	3
6192	2
6193	2
6194	2
6195	2
6196	4
6197	5
6198	3
6199	1
6200	4
6202	1
6203	4
6204	1
6205	1
6206	6
6207	1
6208	3
6209	1
6210	2
6211	2
6212	3
6213	5
6214	5
6215	1
6216	3
6218	3
6219	4
6220	4
6222	1
6223	2
6224	4
6225	2
6226	6
6227	2
6228	6
6229	1
6230	3
6231	3
6232	4
6233	1
6234	3
6235	4
6236	2
6237	3
6238	1
6239	3
6241	3
6242	1
6243	2
6244	3
6245	3
6246	2
6247	1
6248	3
6249	2
6250	4
6251	3
6252	2
6253	1
6254	1
6255	3
6257	4
6258	5
6259	4
6260	2
6261	5
6262	2
6263	4
6264	3
6265	5
6266	2
6268	2
6269	3
6270	1
6271	3
6272	3
6273	2
6274	3
6275	1
6276	5
6277	1
6278	1
6279	2
6280	2
6281	3
6282	1
6285	3
6286	3
6287	1
6288	2
6289	2
6290	1
6291	3
6292	3
6293	1
6294	2
6295	1
6296	2
6297	3
6299	1
6300	5
6303	1
6304	1
6305	3
6306	3
6307	5
6308	3
6309	3
6311	4
6312	1
6314	5
6316	2
6317	1
6318	3
6319	2
6320	2
6321	3
6322	5
6323	1
6324	6
6325	2
6326	2
6329	3
6330	4
6331	1
6332	2
6334	1
6335	3
6336	1
6337	5
6338	3
6339	1
6340	2
6341	1
6342	1
6343	1
6344	5
6345	2
6346	3
6347	1
6349	1
6350	2
6351	4
6352	3
6353	5
6355	2
6356	4
6357	4
6358	4
6360	1
6361	2
6362	2
6363	2
6364	2
6365	2
6366	1
6368	2
6369	4
6370	1
6371	3
6372	2
6373	1
6374	1
6375	1
6377	1
6378	1
6380	1
6381	2
6383	1
6385	2
6386	2
6387	1
6388	1
6389	1
6390	2
6391	1
6394	2
6395	3
6396	1
6397	5
6398	1
6399	3
6400	3
6401	2
6402	3
6404	3
6405	4
6406	1
6407	4
6409	1
6410	1
6411	1
6412	2
6413	2
6414	3
6415	6
6416	1
6417	1
6418	4
6420	2
6421	2
6422	1
6423	5
6424	4
6425	1
6426	3
6427	3
6428	4
6429	3
6430	3
6432	1
6433	2
6434	3
6435	2
6436	4
6437	2
6438	6
6439	3
6440	2
6441	2
6442	2
6443	2
6444	3
6445	5
6446	5
6448	1
6449	4
6450	3
6451	2
6452	2
6453	2
6454	2
6456	1
6457	1
6458	4
6459	5
6460	1
6461	1
6462	2
6463	2
6464	2
6465	3
6467	1
6468	2
6469	3
6470	3
6471	4
6472	2
6473	2
6474	2
6476	7
6477	2
6478	2
6479	1
6480	3
6481	5
6482	4
6483	7
6484	2
6486	4
6488	4
6489	2
6490	3
6491	1
6492	4
6493	2
6494	3
6495	1
6496	4
6497	2
6498	3
6500	2
6501	3
6502	3
6504	1
6505	2
6506	1
6507	7
6508	1
6509	2
6510	3
6511	2
6512	5
6514	4
6515	5
6516	3
6517	1
6518	2
6519	2
6522	4
6523	2
6525	2
6526	3
6527	2
6529	2
6530	3
6531	1
6532	1
6534	2
6535	5
6537	6
6538	1
6539	2
6540	2
6541	2
6543	2
6544	4
6545	1
6546	1
6547	4
6548	3
6549	3
6550	4
6552	2
6553	4
6554	3
6555	3
6556	1
6557	3
6558	1
6559	1
6560	2
6561	1
6562	2
6563	1
6564	3
6565	2
6567	3
6568	2
6569	2
6570	3
6571	2
6572	1
6573	2
6574	4
6576	1
6577	3
6578	5
6579	1
6580	2
6581	2
6582	2
6583	1
6584	2
6585	2
6586	2
6587	1
6588	3
6590	2
6591	1
6592	2
6593	1
6594	3
6595	5
6596	5
6597	2
6599	3
6600	2
6601	3
6602	3
6603	1
6604	1
6605	1
6606	4
6607	2
6608	3
6609	1
6610	1
6611	2
6612	2
6613	1
6614	1
6615	3
6616	2
6617	1
6618	2
6620	2
6621	1
6622	1
6623	2
6624	2
6625	2
6626	2
6627	1
6628	2
6629	2
6630	1
6631	2
6632	5
6634	3
6635	3
6636	2
6637	2
6639	1
6640	4
6641	3
6642	1
6643	1
6645	1
6646	3
6647	1
6648	3
6649	1
6650	3
6651	2
6652	3
6654	7
6655	1
6656	1
6657	4
6658	2
6660	6
6661	2
6662	1
6663	3
6664	3
6665	3
6666	1
6667	2
6668	2
6672	1
6675	6
6676	1
6677	3
6679	1
6680	2
6681	2
6682	4
6683	1
6684	1
6685	2
6686	1
6687	3
6688	2
6689	1
6690	4
6692	2
6693	1
6694	3
6695	1
6698	2
6700	1
6701	2
6702	3
6703	4
6704	1
6708	3
6709	1
6712	2
6713	3
6714	1
6715	5
6717	2
6718	2
6719	3
6720	2
6721	1
6722	3
6723	4
6724	2
6725	1
6726	4
6727	2
6728	3
6729	1
6730	1
6731	1
6732	2
6733	1
6736	1
6737	5
6738	3
6739	1
6740	1
6741	3
6742	5
6744	1
6745	1
6746	2
6747	2
6750	3
6751	1
6752	3
6754	2
6755	3
6756	2
6757	4
6758	3
6759	1
6760	4
6761	1
6762	3
6763	2
6764	5
6766	1
6767	2
6768	1
6769	1
6770	5
6771	3
6772	1
6773	2
6774	4
6775	2
6776	2
6777	3
6778	2
6779	2
6780	2
6784	3
6785	2
6786	4
6787	1
6788	3
6790	3
6791	2
6792	2
6793	2
6794	1
6795	2
6796	1
6800	3
6801	2
6803	2
6804	1
6805	3
6806	2
6807	3
6808	3
6811	1
6812	1
6814	3
6815	2
6816	5
6817	3
6818	1
6819	2
6820	3
6822	4
6823	2
6824	2
6825	1
6826	3
6827	1
6828	2
6829	2
6831	2
6832	5
6833	1
6834	3
6835	2
6840	1
6842	3
6843	2
6844	1
6845	1
6846	1
6847	2
6848	6
6850	1
6852	2
6853	4
6854	1
6855	1
6856	2
6857	2
6858	1
6859	2
6860	1
6861	1
6864	4
6866	2
6867	3
6868	1
6869	1
6870	3
6871	3
6872	1
6873	3
6874	2
6875	2
6878	1
6879	3
6881	2
6883	2
6884	2
6885	3
6886	2
6889	4
6890	2
6891	3
6892	1
6893	1
6894	3
6895	1
6896	2
6897	2
6900	3
6901	5
6902	1
6903	2
6904	1
6905	1
6906	1
6908	3
6909	3
6910	1
6912	1
6913	3
6914	3
6915	1
6916	4
6917	3
6918	3
6919	1
6920	3
6921	1
6922	1
6923	2
6924	2
6925	1
6926	1
6928	2
6929	1
6930	2
6931	2
6932	1
6933	3
6934	2
6935	5
6936	1
6937	2
6938	2
6939	2
6940	1
6942	2
6943	1
6944	2
6945	1
6946	3
6947	1
6948	2
6949	1
6950	1
6951	3
6952	1
6954	3
6955	3
6957	1
6959	1
6960	4
6961	2
6962	1
6964	4
6965	1
6967	2
6968	4
6969	1
6970	3
6971	3
6972	2
6974	4
6976	2
6977	1
6979	1
6980	2
6981	5
6982	1
6986	2
6987	1
6988	1
6989	1
6990	2
6992	1
6993	2
6996	2
6997	1
6998	2
6999	4
7000	5
7001	2
7002	2
7003	1
7005	1
7006	2
7007	2
7008	2
7010	1
7012	2
7013	2
7014	3
7015	2
7016	1
7018	2
7019	1
7020	2
7021	4
7022	3
7024	2
7025	1
7026	1
7029	1
7030	1
7031	1
7032	3
7034	2
7036	1
7037	2
7038	3
7040	1
7041	1
7042	1
7043	2
7044	2
7045	2
7046	2
7047	2
7048	5
7050	2
7051	1
7052	3
7053	2
7054	3
7055	3
7061	1
7062	1
7063	1
7064	3
7065	2
7067	1
7068	2
7071	1
7072	1
7073	1
7074	3
7075	5
7076	2
7077	2
7078	1
7079	1
7081	2
7082	1
7083	1
7084	2
7085	1
7086	2
7087	1
7088	3
7089	1
7090	2
7091	3
7092	1
7093	1
7094	3
7096	4
7097	1
7098	2
7099	3
7100	2
7102	1
7104	3
7105	3
7106	3
7107	5
7108	1
7109	2
7111	4
7112	1
7113	1
7115	2
7116	2
7118	3
7119	1
7121	2
7122	1
7123	2
7124	3
7128	2
7129	1
7130	3
7134	1
7135	1
7136	1
7137	1
7139	1
7140	2
7144	1
7146	1
7148	2
7150	4
7152	2
7153	1
7154	1
7155	3
7156	3
7158	2
7159	1
7162	1
7164	2
7165	2
7166	6
7167	2
7169	1
7170	2
7171	1
7172	3
7174	1
7175	1
7176	3
7177	2
7178	1
7180	1
7181	3
7182	2
7183	1
7185	2
7186	1
7187	1
7188	1
7189	3
7190	3
7191	1
7194	1
7196	2
7197	1
7198	1
7200	4
7201	1
7203	1
7204	2
7205	1
7206	1
7207	1
7208	2
7212	1
7213	2
7214	6
7215	2
7216	1
7217	1
7218	1
7220	2
7222	1
7223	3
7225	1
7226	1
7227	1
7228	1
7230	3
7232	2
7234	1
7235	1
7236	1
7238	2
7239	1
7240	2
7241	3
7243	2
7244	4
7246	1
7249	2
7250	1
7251	1
7253	1
7254	1
7255	1
7256	2
7257	2
7258	2
7259	1
7260	2
7263	1
7264	3
7266	1
7267	2
7268	1
7269	1
7270	3
7273	5
7274	1
7275	2
7277	2
7278	3
7279	1
7280	1
7282	3
7283	1
7287	1
7291	1
7293	2
7294	2
7296	2
7297	4
7298	2
7300	1
7301	2
7302	2
7305	2
7306	1
7309	3
7310	2
7311	1
7312	4
7313	2
7314	4
7315	3
7316	1
7317	2
7318	1
7319	2
7321	2
7322	1
7323	1
7324	1
7325	1
7326	1
7328	1
7330	3
7332	1
7333	3
7334	1
7336	1
7337	1
7339	1
7341	1
7345	2
7346	3
7350	1
7354	2
7355	3
7356	2
7357	1
7358	1
7359	1
7360	2
7361	1
7362	2
7364	2
7366	1
7371	1
7372	1
7374	1
7377	2
7378	2
7380	1
7381	1
7382	1
7383	2
7385	2
7386	2
7387	1
7388	2
7389	1
7390	3
7392	2
7393	2
7395	2
7396	1
7397	2
7398	1
7399	2
7400	1
7401	2
7402	2
7403	1
7404	2
7409	1
7412	2
7413	2
7414	2
7416	3
7419	2
7420	1
7421	1
7422	2
7424	1
7425	2
7426	3
7427	1
7428	2
7429	1
7430	1
7431	1
7432	3
7433	2
7434	2
7435	1
7436	1
7438	3
7439	3
7440	2
7441	1
7442	2
7443	1
7444	1
7446	1
7447	2
7449	1
7451	2
7452	1
7454	1
7455	1
7456	1
7457	2
7459	1
7463	1
7465	1
7466	1
7467	1
7468	1
7469	2
7471	1
7472	3
7473	2
7474	1
7475	2
7476	1
7477	1
7478	1
7481	1
7482	1
7483	2
7484	2
7485	2
7486	1
7487	1
7488	1
7491	1
7492	1
7493	2
7495	1
7496	1
7498	1
7499	1
7500	1
7501	1
7502	2
7503	1
7504	3
7506	2
7507	1
7512	1
7513	1
7515	1
7516	2
7517	1
7518	1
7520	1
7525	1
7526	3
7528	1
7529	2
7530	1
7534	3
7535	1
7536	1
7538	2
7539	1
7541	1
7542	1
7543	1
7544	1
7545	2
7546	1
7547	1
7550	1
7551	1
7554	3
7557	1
7558	1
7561	1
7562	1
7563	2
7564	2
7565	1
7567	1
7571	1
7572	2
7575	2
7577	2
7578	1
7579	1
7580	1
7582	2
7583	1
7584	2
7585	1
7586	2
7587	2
7590	2
7591	1
7595	1
7596	2
7597	2
7598	1
7599	3
7600	2
7602	2
7603	1
7604	2
7605	1
7606	1
7607	1
7609	1
7610	2
7612	2
7613	2
7614	2
7615	1
7616	1
7617	1
7618	3
7624	2
7627	1
7628	2
7630	1
7631	1
7632	1
7633	1
7634	2
7635	1
7637	1
7638	1
7639	1
7640	1
7641	3
7642	2
7643	4
7644	1
7647	2
7648	1
7650	3
7652	1
7655	2
7656	3
7659	3
7660	3
7661	1
7663	2
7664	1
7665	2
7666	1
7668	1
7669	2
7670	1
7671	1
7672	2
7674	4
7675	1
7676	1
7677	1
7678	2
7679	1
7683	1
7685	1
7686	1
7688	1
7689	2
7692	2
7693	1
7694	1
7695	2
7696	3
7697	1
7700	2
7702	3
7703	1
7705	3
7706	3
7710	1
7711	3
7714	1
7715	2
7717	1
7720	2
7723	1
7725	1
7726	2
7727	1
7730	1
7731	1
7733	1
7734	2
7736	1
7737	1
7738	1
7739	1
7740	1
7741	1
7742	2
7746	2
7747	2
7750	1
7753	2
7756	1
7757	1
7758	3
7761	3
7766	1
7770	1
7771	3
7772	1
7773	1
7776	3
7778	3
7781	1
7782	3
7784	1
7785	5
7787	2
7788	1
7790	2
7792	2
7793	1
7794	2
7799	2
7800	3
7801	2
7804	1
7805	1
7808	2
7810	1
7814	1
7816	2
7817	1
7818	1
7821	2
7823	1
7825	1
7826	2
7827	2
7829	1
7831	1
7832	1
7834	1
7836	1
7838	1
7841	1
7842	1
7843	1
7844	1
7845	2
7846	2
7847	2
7848	1
7849	1
7850	2
7851	1
7852	2
7856	1
7858	2
7859	3
7860	1
7864	1
7865	1
7866	2
7869	1
7871	1
7872	1
7875	1
7876	4
7878	1
7879	1
7880	2
7882	1
7883	2
7884	1
7886	1
7887	1
7888	2
7891	2
7892	2
7893	1
7895	1
7898	2
7899	1
7900	2
7902	2
7905	1
7907	1
7908	2
7910	1
7913	1
7915	1
7916	2
7917	2
7919	1
7922	2
7925	1
7927	3
7930	1
7932	1
7934	2
7935	1
7937	2
7938	1
7939	1
7943	2
7944	1
7946	1
7949	1
7952	1
7954	1
7955	1
7956	1
7959	2
7961	2
7962	1
7964	2
7965	1
7968	1
7971	2
7972	1
7973	1
7974	2
7975	2
7976	1
7978	1
7981	1
7982	1
7983	2
7984	1
7985	2
7986	1
7987	2
7988	1
7989	2
7990	2
7991	2
7992	1
7993	3
7994	1
7995	1
7996	1
8000	1
8002	2
8005	1
8006	1
8007	1
8008	1
8010	2
8012	1
8013	1
8014	3
8015	2
8016	1
8017	2
8020	1
8022	1
8023	1
8026	1
8027	1
8030	2
8033	1
8034	1
8035	3
8037	3
8038	1
8040	2
8041	1
8043	2
8044	1
8045	2
8046	1
8047	2
8048	1
8049	1
8051	1
8053	1
8054	1
8056	1
8057	2
8059	1
8060	2
8062	1
8064	2
8065	1
8066	1
8067	1
8068	3
8070	1
8071	2
8074	2
8078	1
8079	3
8080	3
8081	1
8082	2
8085	2
8087	1
8088	1
8089	1
8092	2
8093	1
8095	2
8098	2
8100	1
8101	1
8104	3
8107	3
8111	1
8112	1
8113	2
8115	3
8116	1
8117	1
8118	1
8125	2
8126	4
8127	1
8128	3
8130	2
8131	1
8133	1
8134	1
8135	1
8136	1
8137	2
8138	1
8139	1
8140	1
8143	1
8144	1
8145	1
8146	1
8147	2
8149	1
8150	1
8151	2
8152	2
8154	2
8156	2
8157	1
8159	1
8163	1
8165	1
8166	1
8167	1
8170	1
8171	2
8174	2
8175	1
8177	2
8178	1
8180	1
8184	1
8188	1
8192	1
8194	1
8195	1
8199	1
8201	1
8202	1
8203	1
8205	1
8206	1
8207	1
8208	3
8210	1
8211	1
8213	2
8214	1
8217	1
8218	4
8220	1
8221	1
8224	1
8228	1
8230	1
8231	2
8232	1
8233	2
8235	1
8237	1
8238	1
8239	2
8240	1
8242	1
8243	1
8245	2
8250	1
8251	1
8254	1
8257	1
8261	1
8262	1
8265	2
8266	1
8267	1
8268	1
8269	1
8271	1
8272	1
8275	2
8276	1
8277	1
8278	2
8280	2
8281	1
8282	1
8284	2
8285	1
8287	1
8288	1
8290	1
8291	1
8292	1
8295	1
8296	2
8299	1
8300	1
8301	1
8303	2
8308	1
8310	1
8311	1
8313	2
8315	2
8316	1
8320	1
8322	1
8327	1
8328	3
8330	1
8332	1
8334	1
8336	1
8339	1
8340	1
8342	1
8343	1
8349	1
8350	1
8351	1
8353	1
8354	3
8355	1
8356	1
8358	2
8359	2
8364	1
8370	1
8372	2
8373	1
8374	2
8376	2
8377	2
8378	1
8380	1
8384	1
8385	2
8388	2
8389	1
8393	1
8394	1
8395	2
8396	3
8398	1
8400	1
8401	1
8402	1
8404	2
8405	1
8406	2
8407	2
8408	1
8409	2
8415	1
8416	1
8419	2
8420	3
8422	2
8423	4
8427	1
8428	2
8430	1
8431	1
8433	2
8435	1
8437	1
8439	2
8440	2
8442	1
8443	1
8444	1
8448	2
8449	1
8450	1
8452	2
8453	1
8457	1
8458	3
8460	1
8462	2
8464	1
8470	3
8471	1
8472	1
8473	3
8475	1
8477	2
8481	1
8482	3
8484	1
8485	1
8490	1
8491	2
8494	2
8498	1
8501	2
8502	1
8504	1
8505	1
8506	1
8508	1
8510	2
8514	1
8519	3
8520	1
8521	1
8522	1
8523	1
8528	1
8531	2
8533	3
8534	1
8535	1
8537	1
8538	1
8540	1
8545	1
8548	1
8549	1
8552	3
8553	1
8556	1
8558	2
8560	2
8562	2
8566	3
8567	1
8569	2
8570	1
8571	1
8574	1
8576	2
8578	1
8582	1
8588	1
8591	1
8592	1
8594	1
8595	1
8599	1
8603	2
8608	1
8609	2
8610	1
8613	1
8618	1
8624	1
8625	1
8626	1
8630	1
8631	2
8632	1
8636	1
8638	1
8640	3
8643	1
8645	2
8648	1
8649	1
8650	2
8653	2
8654	1
8656	2
8657	2
8658	1
8663	1
8665	1
8666	1
8667	1
8668	1
8669	2
8670	1
8671	1
8677	2
8680	2
8681	1
8682	1
8684	1
8687	1
8692	2
8694	1
8695	1
8696	1
8697	2
8698	2
8699	1
8700	2
8701	1
8703	1
8705	2
8708	1
8717	2
8718	1
8722	1
8723	1
8724	1
8729	1
8731	1
8734	1
8736	1
8738	1
8739	1
8740	2
8748	1
8749	2
8753	2
8756	2
8757	1
8758	1
8759	2
8760	1
8761	2
8764	1
8765	2
8769	2
8770	1
8774	3
8775	1
8776	1
8779	1
8780	2
8783	2
8787	1
8789	2
8790	1
8792	1
8793	2
8795	1
8796	3
8798	1
8799	2
8801	3
8802	1
8804	1
8805	1
8808	1
8809	1
8810	1
8816	2
8817	1
8818	1
8819	1
8820	2
8825	1
8826	2
8827	1
8829	1
8832	1
8833	1
8836	1
8839	1
8840	1
8841	1
8844	1
8846	1
8849	1
8851	1
8852	1
8855	2
8857	1
8858	1
8859	1
8860	2
8863	1
8867	3
8870	1
8872	1
8873	1
8874	1
8881	1
8882	1
8885	1
8886	1
8888	2
8890	1
8891	1
8892	3
8893	2
8894	1
8896	1
8900	2
8904	1
8906	1
8909	1
8911	2
8916	1
8918	1
8919	1
8920	3
8921	2
8924	3
8926	1
8928	1
8933	1
8935	1
8938	2
8940	1
8944	1
8945	1
8946	2
8947	1
8948	2
8950	2
8955	1
8957	1
8966	1
8968	1
8971	1
8972	1
8973	1
8974	1
8975	1
8978	1
8980	1
8989	1
8990	1
8995	1
8999	1
9000	1
9003	1
9004	1
9009	1
9013	1
9014	2
9015	2
9016	1
9018	1
9021	1
9026	1
9027	1
9028	1
9029	2
9034	1
9039	1
9040	1
9042	1
9044	3
9047	1
9050	2
9053	1
9054	1
9056	2
9060	1
9062	1
9063	1
9064	2
9067	1
9068	1
9071	1
9072	1
9078	1
9079	2
9080	1
9083	1
9084	1
9086	1
9087	1
9090	1
9091	1
9092	1
9093	1
9096	2
9097	1
9100	1
9102	1
9104	2
9108	3
9109	1
9116	1
9119	1
9120	1
9122	2
9127	1
9128	1
9133	1
9136	2
9138	1
9140	2
9144	1
9151	2
9152	1
9158	1
9160	1
9162	1
9165	1
9169	2
9172	1
9173	1
9174	1
9177	1
9179	1
9181	1
9184	2
9186	1
9189	1
9199	1
9202	1
9204	1
9207	1
9208	2
9209	1
9211	1
9220	1
9221	1
9226	1
9229	1
9230	1
9231	1
9238	1
9246	2
9248	1
9250	1
9251	1
9254	1
9255	2
9260	2
9261	1
9264	1
9265	1
9267	1
9268	1
9270	1
9275	1
9280	3
9281	1
9285	1
9291	1
9294	1
9296	1
9297	1
9299	1
9301	1
9308	1
9310	1
9316	1
9323	1
9325	1
9328	1
9329	2
9332	1
9334	1
9336	1
9338	1
9340	2
9342	1
9345	1
9348	2
9352	1
9354	1
9355	1
9363	2
9368	1
9370	1
9374	1
9375	1
9382	2
9384	1
9387	1
9388	1
9398	1
9403	1
9405	2
9410	1
9413	1
9418	1
9420	1
9422	2
9425	1
9426	2
9430	2
9439	1
9440	1
9443	2
9451	1
9456	1
9464	2
9467	1
9468	1
9470	2
9472	1
9473	1
9479	1
9486	1
9487	1
9493	1
9494	1
9495	1
9496	1
9497	2
9498	1
9506	1
9511	1
9513	2
9514	1
9517	1
9528	1
9533	1
9534	1
9538	2
9539	1
9540	1
9545	1
9546	1
9550	2
9553	1
9556	1
9560	1
9567	1
9568	2
9573	1
9575	2
9578	2
9579	1
9580	2
9581	5
9583	1
9584	1
9591	1
9594	1
9604	1
9608	1
9611	3
9614	1
9615	1
9617	1
9619	1
9630	1
9632	1
9638	2
9639	1
9644	1
9647	1
9648	1
9653	1
9654	1
9658	1
9659	1
9662	1
9663	1
9666	1
9670	1
9678	1
9682	1
9683	1
9684	1
9691	1
9695	1
9696	1
9697	1
9698	1
9701	2
9705	1
9706	1
9707	1
9710	1
9720	1
9721	1
9722	1
9733	1
9736	1
9742	2
9743	1
9744	1
9748	1
9752	1
9756	1
9759	2
9760	2
9762	1
9764	2
9765	1
9768	1
9769	1
9777	1
9778	1
9779	1
9782	1
9784	1
9786	1
9794	1
9803	2
9805	1
9813	2
9820	1
9822	1
9825	1
9828	1
9829	3
9832	1
9836	1
9837	1
9842	2
9847	1
9852	1
9857	1
9862	1
9864	1
9866	1
9867	1
9868	1
9883	1
9886	1
9887	1
9895	1
9898	1
9899	1
9901	1
9902	1
9909	1
9914	2
9916	1
9921	1
9922	1
9932	1
9934	1
9938	2
9945	1
9947	1
9952	1
9955	1
9956	1
9958	1
9961	1
9962	1
9963	1
9973	1
9975	1
9976	1
9984	1
9986	1
9987	2
9991	1
9992	1
9993	1
9996	1
9999	1
10000	13
10001	1
10002	2
10003	3
10004	1
10005	1
10006	1
10007	1
10009	2
10010	1
10011	1
10012	1
10013	1
10014	1
10015	1
10016	2
10017	1
10018	2
10020	2
10022	1
10024	4
10026	1
10028	1
10032	2
10034	1
10035	1
10036	2
10038	2
10040	5
10042	1
10043	2
10044	1
10045	1
10046	1
10047	4
10048	2
10050	1
10051	1
10052	2
10053	2
10055	1
10056	2
10058	1
10060	2
10062	2
10063	1
10064	2
10066	2
10067	1
10069	1
10070	2
10071	1
10072	1
10073	1
10074	1
10075	1
10076	1
10077	1
10078	2
10082	2
10084	1
10086	2
10088	1
10091	1
10092	1
10093	2
10094	1
10096	2
10098	1
10099	1
10100	2
10101	1
10105	1
10106	2
10107	1
10108	2
10110	2
10111	1
10113	1
10114	3
10117	1
10119	3
10120	2
10124	1
10127	1
10128	4
10129	1
10131	2
10134	1
10135	1
10137	1
10144	3
10145	1
10146	1
10150	3
10152	2
10158	3
10161	1
10162	3
10163	1
10164	1
10165	1
10166	1
10168	1
10169	1
10170	1
10175	2
10176	2
10178	3
10179	1
10180	1
10181	1
10184	1
10185	1
10189	2
10190	1
10192	3
10193	1
10194	1
10195	2
10198	2
10200	3
10201	1
10202	1
10205	1
10207	1
10208	2
10210	1
10213	1
10216	1
10220	1
10222	1
10223	1
10224	2
10226	2
10228	3
10230	2
10232	2
10238	1
10240	4
10241	1
10245	3
10246	3
10247	1
10250	2
10254	1
10256	2
10257	1
10259	1
10260	1
10262	3
10264	2
10266	2
10275	2
10276	2
10279	1
10280	2
10281	1
10282	2
10283	1
10285	1
10288	2
10290	2
10294	3
10296	1
10302	2
10303	1
10304	1
10306	1
10308	3
10309	2
10310	2
10311	1
10312	1
10313	1
10314	3
10315	1
10318	1
10319	1
10320	1
10322	2
10324	1
10330	1
10332	1
10333	1
10336	1
10338	1
10339	1
10340	3
10344	1
10346	1
10349	1
10350	1
10351	1
10353	1
10356	2
10359	1
10360	1
10361	1
10362	1
10368	2
10374	1
10376	1
10384	1
10390	1
10391	1
10392	1
10393	2
10395	2
10396	2
10401	2
10402	2
10404	1
10409	1
10412	1
10415	2
10416	1
10417	1
10419	1
10420	1
10422	2
10423	1
10424	1
10427	1
10429	2
10430	1
10431	2
10432	1
10433	1
10434	1
10437	1
10438	2
10439	1
10440	2
10444	1
10445	1
10448	1
10450	1
10452	2
10453	3
10455	1
10456	1
10458	1
10459	1
10462	1
10464	1
10468	1
10470	2
10471	2
10472	2
10473	1
10474	2
10475	2
10478	1
10481	2
10484	1
10485	1
10487	1
10488	1
10490	2
10492	2
10495	1
10496	1
10498	2
10500	1
10506	1
10507	1
10510	1
10515	1
10516	1
10520	2
10522	1
10523	1
10524	2
10526	1
10527	2
10536	1
10538	1
10543	1
10546	2
10547	1
10550	1
10552	1
10555	2
10556	1
10557	3
10558	2
10565	1
10572	1
10575	1
10584	1
10585	1
10588	1
10590	1
10596	1
10600	1
10601	1
10608	1
10610	1
10612	2
10614	2
10615	1
10620	2
10621	1
10624	1
10625	3
10630	1
10631	3
10632	1
10634	3
10635	2
10637	1
10638	1
10642	1
10645	1
10653	1
10659	1
10661	1
10662	2
10665	1
10670	2
10673	2
10674	1
10681	1
10683	1
10684	1
10690	1
10691	1
10693	1
10697	1
10699	1
10704	3
10706	3
10708	2
10710	1
10714	1
10717	1
10718	1
10719	1
10720	1
10724	1
10729	2
10732	1
10733	1
10734	2
10736	2
10737	1
10739	1
10747	2
10748	1
10749	2
10754	1
10758	1
10759	1
10760	1
10761	2
10762	1
10764	1
10771	2
10772	1
10774	2
10776	1
10777	1
10784	1
10786	1
10789	1
10793	1
10795	1
10797	3
10800	1
10801	1
10812	2
10813	1
10816	1
10821	1
10826	1
10830	1
10832	1
10835	1
10837	1
10839	1
10840	2
10844	1
10845	1
10848	1
10849	1
10851	1
10857	1
10866	1
10868	2
10874	1
10878	2
10880	1
10881	2
10886	1
10888	1
10890	1
10897	1
10906	1
10909	1
10910	1
10911	1
10913	1
10914	1
10918	1
10921	1
10925	1
10928	1
10931	1
10932	1
10933	1
10934	1
10938	1
10940	1
10943	1
10947	1
10948	1
10952	1
10959	1
10962	1
10964	1
10968	2
10970	1
10974	1
10985	1
10988	1
10992	1
10993	1
10994	1
10995	1
10996	2
11005	2
11016	1
11017	1
11024	1
11030	1
11031	1
11033	1
11034	1
11040	2
11041	1
11043	1
11044	1
11050	1
11052	1
11058	2
11062	2
11066	1
11067	1
11072	1
11073	1
11075	2
11077	1
11078	1
11080	1
11088	1
11109	1
11112	1
11114	4
11115	1
11116	2
11117	3
11118	2
11123	1
11127	1
11128	1
11129	1
11134	1
11136	1
11141	1
11142	1
11143	1
11146	1
11147	1
11150	1
11155	1
11158	1
11160	1
11161	1
11162	1
11164	1
11166	1
11169	1
11180	1
11182	1
11183	1
11184	1
11189	1
11192	1
11203	1
11206	1
11212	1
11221	2
11224	2
11228	1
11229	1
11230	1
11238	1
11240	1
11244	1
11250	1
11260	1
11261	1
11263	2
11267	1
11268	1
11270	2
11271	1
11276	1
11281	1
11289	1
11293	1
11294	1
11295	1
11296	3
11297	2
11307	1
11311	1
11316	1
11317	1
11327	1
11328	2
11330	1
11336	1
11342	2
11344	1
11347	1
11349	1
11356	2
11362	1
11364	1
11373	1
11377	1
11379	2
11388	1
11398	1
11401	1
11406	2
11418	1
11422	1
11440	1
11452	1
11453	1
11456	1
11458	1
11461	1
11466	1
11468	1
11475	1
11483	1
11485	1
11494	1
11502	1
11504	1
11510	1
11513	1
11514	1
11515	1
11518	1
11520	1
11523	1
11524	1
11528	1
11536	1
11538	1
11540	1
11548	2
11555	1
11558	1
11562	1
11564	1
11565	1
11569	1
11570	1
11574	2
11575	2
11582	1
11589	1
11591	2
11592	1
11594	1
11595	1
11605	1
11606	1
11608	1
11611	1
11627	1
11631	2
11633	1
11634	2
11635	1
11640	1
11645	1
11651	1
11656	2
11657	1
11670	1
11672	2
11676	1
11677	1
11678	1
11680	1
11682	1
11685	1
11691	1
11692	1
11697	1
11703	1
11716	1
11727	1
11728	1
11730	1
11734	2
11737	1
11740	1
11741	1
11746	1
11747	1
11759	1
11763	1
11765	1
11769	1
11774	1
11778	3
11783	1
11785	1
11787	1
11790	1
11795	1
11799	1
11804	1
11808	1
11817	1
11818	2
11820	1
11834	1
11841	1
11842	1
11843	1
11847	1
11856	1
11861	1
11863	1
11866	1
11880	1
11882	1
11884	1
11888	1
11894	1
11900	1
11902	1
11904	1
11906	1
11916	1
11918	1
11931	1
11935	2
11940	1
11946	1
11949	1
11952	1
11961	1
11963	1
11964	1
11971	2
11972	1
11977	2
11984	1
11993	1
11994	1
12002	1
12006	1
12023	1
12025	1
12038	1
12040	1
12044	1
12045	1
12061	1
12062	1
12076	1
12081	1
12097	1
12106	1
12112	1
12113	1
12115	1
12120	1
12126	1
12133	1
12152	1
12157	1
12159	1
12165	1
12173	1
12185	1
12186	1
12196	1
12199	1
12200	1
12206	1
12211	1
12213	1
12215	1
12222	1
12232	1
12250	1
12255	1
12268	1
12270	1
12273	1
12281	1
12286	2
12301	1
12303	1
12307	1
12326	1
12328	1
12330	1
12332	1
12333	1
12340	1
12342	1
12356	1
12359	1
12362	1
12366	1
12373	1
12383	1
12386	1
12387	1
12399	1
12402	1
12416	1
12420	1
12423	2
12424	1
12427	1
12459	2
12461	1
12464	1
12478	1
12485	1
12514	1
12515	1
12524	1
12533	1
12536	1
12559	1
12563	1
12567	1
12570	1
12576	2
12577	1
12598	1
12600	1
12601	1
12615	1
12619	1
12628	1
12634	1
12636	1
12640	2
12644	1
12663	1
12672	2
12685	1
12700	1
12736	1
12740	1
12741	1
12742	1
12748	1
12757	1
12763	1
12766	1
12774	1
12777	1
12783	1
12808	1
12819	1
12832	1
12833	1
12848	1
12861	1
12862	1
12869	1
12892	1
12912	1
12918	2
12935	1
12953	1
12962	1
12976	1
12983	1
12986	1
12993	1
12996	1
12998	1
13004	1
13011	1
13016	1
13017	1
13019	1
13024	1
13026	1
13033	1
13034	1
13041	1
13056	1
13067	1
13069	1
13086	1
13090	1
13096	2
13099	1
13100	1
13102	1
13113	1
13127	1
13134	1
13143	2
13157	1
13158	1
13180	1
13183	1
13192	1
13198	1
13227	1
13232	1
13238	1
13259	1
13291	1
13305	1
13330	1
13351	1
13358	1
13367	1
13371	1
13390	1
13394	1
13406	1
13426	1
13434	1
13468	1
13473	1
13496	1
13525	1
13534	1
13543	3
13544	1
13554	1
13598	1
13623	1
13627	2
13634	1
13640	1
13648	1
13652	1
13669	2
13684	1
13712	1
13730	1
13735	1
13768	1
13770	1
13778	1
13779	1
13785	2
13814	1
13818	1
13830	1
13836	1
13842	1
13877	1
13892	1
13897	1
13902	1
13914	1
13926	1
13928	1
13935	1
13936	1
13940	1
13942	1
13951	1
13963	1
13968	1
13969	1
13976	1
13978	1
13981	1
14004	1
14044	1
14045	1
14053	1
14093	1
14114	1
14124	1
14133	1
14163	1
14169	1
14177	1
14179	1
14192	1
14200	1
14248	1
14287	1
14288	1
14309	1
14320	1
14326	1
14340	1
14344	1
14345	1
14357	1
14366	1
14422	1
14425	1
14429	1
14435	1
14459	1
14475	1
14491	1
14496	1
14528	2
14569	1
14582	1
14589	1
14606	2
14607	2
14615	1
14617	1
14621	1
14663	1
14670	1
14675	1
14696	1
14698	1
14712	1
14716	1
14760	1
14780	1
14817	1
14831	1
14854	1
14862	1
14864	1
14865	1
14897	1
14937	1
14944	1
14962	1
15005	1
15014	1
15028	1
15030	1
15031	1
15035	1
15109	1
15110	1
15111	1
15122	1
15126	1
15151	1
15170	1
15244	1
15259	1
15260	1
15283	1
15290	1
15354	1
15398	1
15434	1
15435	1
15503	1
15507	1
15512	1
15530	1
15532	1
15596	1
15622	1
15623	1
15651	1
15657	1
15665	1
15690	1
15696	1
15727	1
15732	1
15752	1
15815	1
15821	1
15838	1
15854	1
15870	1
15918	1
15947	1
15951	1
15952	1
15961	1
15973	1
16002	1
16015	1
16023	1
16024	2
16074	1
16097	1
16168	1
16180	1
16212	1
16319	1
16326	1
16384	1
16408	1
16420	1
16438	1
16492	1
16495	1
16532	1
16547	1
16562	1
16621	1
16660	1
16678	1
16691	1
16692	1
16707	1
16741	1
16776	1
16777	1
16815	1
16834	1
16856	1
16878	1
16900	1
16907	1
16950	1
16962	1
16964	1
16965	1
16989	1
17087	1
17102	1
17106	1
17146	1
17165	1
17176	1
17324	1
17327	1
17336	1
17362	1
17375	1
17403	1
17455	1
17500	1
17568	1
17570	1
17583	1
17659	1
17682	1
17685	1
17748	1
17822	1
17860	1
17868	1
17873	1
17942	1
18006	1
18064	1
18079	1
18102	1
18192	1
18302	1
18732	1
18888	1
18989	1
19050	1
19074	1
19100	1
19107	1
19165	1
19230	1
19239	1
19300	1
19422	1
19427	1
19664	1
19739	1
19803	1
19811	1
19816	1
19852	1
19930	1
20149	1
20211	1
20240	1
20258	1
20264	1
20266	1
20343	1
20354	1
20392	1
20425	1
20516	1
20641	1
20992	1
21084	1
21087	1
21231	1
21388	1
21535	1
21584	1
21594	1
21659	1
21972	1
22049	1
22158	1
22204	1
22308	1
22324	1
22357	1
22582	1
22660	1
22678	1
22746	1
23118	1
23219	1
23456	1
23549	1
23551	1
23555	1
23584	1
23620	1
23761	1
23952	1
24010	1
24382	1
24421	1
24846	1
24847	1
25564	1
25666	1
25763	1
25813	1
26271	1
26720	1
27298	1
27331	1
27363	1
27476	1
27670	1
28080	1
28090	1
28486	1
28528	1
28547	1
28638	1
29222	1
29773	1
29822	1
30009	1
31524	1
32125	1
32366	1
33037	1
35537	1
35726	1
35738	1
35966	1
36576	1
38573	1
41215	1
42426	1
42740	1
47738	1
55329	1
70161	1
76538	1
