RTP and Standard Deviation Breakdown
Name	RTP	StDev
Base	0.204536	25.71
Tumbles	0.200518	27.64
Wild Win	0.103939	56.51
Expanded Win	0.0921895	78.08
Free Spins	0.255007	136.8
JP Prize	0.1094	80.49
Total	0.965589	189.4
Free Base	0.033615	18.61
Free Tumbles	0.017817	11.34
Free WW	0.045143	43.46
Free EW	0.106607	79.02
Free JP	0.051825	55.15
----------------------------------------
Iterations	100000
Total Pay	1.844e+05
Feature	Hits	Hit Rate
Base Game	23317	4.289
Bonus Game	1588	62.97
Wild Win	312	320.5
Expanded Win	464	215.5
Free Game	333	300.3
JackPot	479	208.8
----------------------------------------
Bonus Game	990	101
Wild Win	97	1031
Expanded Win	519	192.7
Free Game	183	546.4
JackPot	191	523.6
----------------------------------------
Base Hits
Symbol	1	2	3	4	5
WL	0	0	0	0	0
R1	0	0	11820	2246	948
R2	0	0	12821	2204	1041
R3	0	0	9360	1969	667
R4	0	0	9761	2346	927
R5	0	0	7271	1834	657
R6	0	0	6803	2420	721
S1	0	0	3633	1711	658
S2	0	0	2960	1493	536
S3	0	0	2387	997	375
S4	0	0	1478	761	355
F1	0	0	0	0	0
F2	0	0	0	0	0
F3	0	0	0	0	0
----------------------------------------
Base Pays
Symbol	1	2	3	4	5
WL	0	0	0	0	0
R1	0	0	23640	17968	18960
R2	0	0	25642	17632	20820
R3	0	0	28080	19690	20010
R4	0	0	29283	23460	27810
R5	0	0	29084	22008	26280
R6	0	0	27212	29040	28840
S1	0	0	29064	27376	39480
S2	0	0	29600	29860	40200
S3	0	0	28644	24925	30000
S4	0	0	29560	30440	35500
F1	0	0	0	0	0
F2	0	0	0	0	0
F3	0	0	0	0	0
----------------------------------------
Free Hits
Symbol	1	2	3	4	5
WL	0	0	0	0	0
R1	0	0	1696	1008	487
R2	0	0	2009	835	556
R3	0	0	848	789	484
R4	0	0	913	771	324
R5	0	0	1158	598	393
R6	0	0	969	434	400
S1	0	0	479	331	354
S2	0	0	449	349	288
S3	0	0	335	360	246
S4	0	0	273	189	140
F1	0	0	0	0	0
F2	0	0	0	0	0
F3	0	0	0	0	0
----------------------------------------
Free Pays
Symbol	1	2	3	4	5
WL	0	0	0	0	0
R1	0	0	3392	8064	9740
R2	0	0	4018	6680	11120
R3	0	0	2544	7890	14520
R4	0	0	2739	7710	9720
R5	0	0	4632	7176	15720
R6	0	0	3876	5208	16000
S1	0	0	3832	5296	21240
S2	0	0	4490	6980	21600
S3	0	0	4020	9000	19680
S4	0	0	5460	7560	14000
F1	0	0	0	0	0
F2	0	0	0	0	0
F3	0	0	0	0	0
----------------------------------------
Tumble Frequencies
Tumbles	Frequency
2	6521
1	13021
9	10
3	2410
4	864
5	302
7	46
6	122
8	15
11	6
Average Tumble Frequency: 1.698
Elapsed time: 8.063 seconds
