RTP and Standard Deviation Breakdown
Name	RTP	StDev
Base	0.203687	26.87
Tumbles	0.199538	26.11
Wild Win	0.104476	52.03
Expanded Win	0.0951766	74.45
Free Spins	0.267373	146.1
JP Prize	0.0957193	54.5
Total	0.96597	184.2
Free Base	0.0378875	20.93
Free Tumbles	0.0197622	12.39
Free WW	0.0410321	41.17
Free EW	0.113422	98.27
Free JP	0.0552687	49.61
----------------------------------------
Iterations	1000000000
Total Pay	1.904e+09
Feature	Hits	Hit Rate
Base Game	234705941	4.261
Bonus Game	16643734	60.08
Wild Win	3327736	300.5
Expanded Win	4992167	200.3
Free Game	3331534	300.2
JackPot	4992297	200.3
----------------------------------------
Bonus Game	9944694	100.6
Wild Win	994547	1005
Expanded Win	4974207	201
Free Game	1990633	502.4
JackPot	1985307	503.7
----------------------------------------
Base Hits
Symbol	1	2	3	4	5
WL	0	0	0	0	0
R1	0	0	121168336	22520503	9963652
R2	0	0	130638129	23573538	10456173
R3	0	0	94517129	18034679	7129443
R4	0	0	98865956	24162999	9919112
R5	0	0	73750688	17352311	6924693
R6	0	0	67368215	24146654	7945503
S1	0	0	36165401	16392807	5986436
S2	0	0	30265920	14192989	4363125
S3	0	0	23729595	9966076	4233789
S4	0	0	14859990	6745991	3486876
F1	0	0	0	0	0
F2	0	0	0	0	0
F3	0	0	0	0	0
----------------------------------------
Base Pays
Symbol	1	2	3	4	5
WL	0	0	0	0	0
R1	0	0	242336672	180164024	199273040
R2	0	0	261276258	188588304	209123460
R3	0	0	283551387	180346790	213883290
R4	0	0	296597868	241629990	297573360
R5	0	0	295002752	208227732	276987720
R6	0	0	269472860	289759848	317820120
S1	0	0	289323208	262284912	359186160
S2	0	0	302659200	283859780	327234375
S3	0	0	284755140	249151900	338703120
S4	0	0	297199800	269839640	348687600
F1	0	0	0	0	0
F2	0	0	0	0	0
F3	0	0	0	0	0
----------------------------------------
Free Hits
Symbol	1	2	3	4	5
WL	0	0	0	0	0
R1	0	0	18919885	9510998	5671987
R2	0	0	20506297	9169750	6527625
R3	0	0	9946131	8620795	5292911
R4	0	0	9814447	8247084	3815781
R5	0	0	12287605	5655723	4205263
R6	0	0	10589549	4811928	4269246
S1	0	0	4727481	3313023	3943888
S2	0	0	4834552	3115739	2812462
S3	0	0	3753083	3354803	2773326
S4	0	0	2850686	2189527	1868922
F1	0	0	0	0	0
F2	0	0	0	0	0
F3	0	0	0	0	0
----------------------------------------
Free Pays
Symbol	1	2	3	4	5
WL	0	0	0	0	0
R1	0	0	37839770	76087984	113439740
R2	0	0	41012594	73358000	130552500
R3	0	0	29838393	86207950	158787330
R4	0	0	29443341	82470840	114473430
R5	0	0	49150420	67868676	168210520
R6	0	0	42358196	57743136	170769840
S1	0	0	37819848	53008368	236633280
S2	0	0	48345520	62314780	210934650
S3	0	0	45036996	83870075	221866080
S4	0	0	57013720	87581080	186892200
F1	0	0	0	0	0
F2	0	0	0	0	0
F3	0	0	0	0	0
----------------------------------------
Tumble Frequencies
Tumbles	Frequency
2	65571613
1	130740823
9	71353
3	24592381
4	8626100
5	3212390
6	1204103
8	175136
10	30394
7	451544
11	14531
16	366
12	7522
13	4104
14	2311
19	28
15	979
17	141
18	82
20	24
21	12
22	4
Average Tumble Frequency: 1.701
Elapsed time: 2907 seconds
