RTP and Standard Deviation Breakdown
Name	RTP	StDev
Base	0.1596	23.44
Tumbles	0.1627	23.43
Wild Win	0.1028	50.74
Expanded Win	0.09995	73.6
Free Spins	0.2333	118.7
JP Prize	0.09973	52.7
Total	0.858	161.1
----------------------------------------
Iterations: 100000000
Total Pay: 1.999e+08
Feature	Hits	Hit Rate
Base Game	21063288	4.748
Bonus Game	1664183	60.09
Wild Win	332988	300.3
Expanded Win	500329	199.9
Free Game	332653	300.6
JackPot	498213	200.7
----------------------------------------
Base Hits
Symbol	1	2	3	4	5
WL	0	0	0	0	0
R1	0	0	15196014	3631990	1579796
R2	0	0	15138188	3622195	1648795
R3	0	0	9772783	2545018	1110326
R4	0	0	8739165	3104911	1194332
R5	0	0	6592233	1905207	927045
R6	0	0	5255290	1878711	912339
S1	0	0	2614193	1333793	757617
S2	0	0	2096182	1099521	502559
S3	0	0	1815392	930053	531977
S4	0	0	1265399	702968	428763
F1	0	0	0	0	0
F2	0	0	0	0	0
F3	0	0	0	0	0
----------------------------------------
Base Pays
Symbol	1	2	3	4	5
WL	0	0	0	0	0
R1	0	0	30392028	29055920	31595920
R2	0	0	30276376	28977560	32975900
R3	0	0	29318349	25450180	33309780
R4	0	0	26217495	31049110	35829960
R5	0	0	26368932	22862484	37081800
R6	0	0	21021160	22544532	36493560
S1	0	0	20913544	21340688	45457020
S2	0	0	20961820	21990420	37691925
S3	0	0	21784704	23251325	42558160
S4	0	0	25307980	28118720	42876300
F1	0	0	0	0	0
F2	0	0	0	0	0
F3	0	0	0	0	0
----------------------------------------
Free Hits
Symbol	1	2	3	4	5
WL	0	0	0	0	0
R1	0	0	0	0	0
R2	0	0	0	0	0
R3	0	0	0	0	0
R4	0	0	0	0	0
R5	0	0	0	0	0
R6	0	0	0	0	0
S1	0	0	0	0	0
S2	0	0	0	0	0
S3	0	0	0	0	0
S4	0	0	0	0	0
F1	0	0	0	0	0
F2	0	0	0	0	0
F3	0	0	0	0	0
----------------------------------------
Free Pays
Symbol	1	2	3	4	5
WL	0	0	0	0	0
R1	0	0	0	0	0
R2	0	0	0	0	0
R3	0	0	0	0	0
R4	0	0	0	0	0
R5	0	0	0	0	0
R6	0	0	0	0	0
S1	0	0	0	0	0
S2	0	0	0	0	0
S3	0	0	0	0	0
S4	0	0	0	0	0
F1	0	0	0	0	0
F2	0	0	0	0	0
F3	0	0	0	0	0
----------------------------------------
Tumble Frequencies
Tumbles	Frequency
2	5884988
1	13789408
3	2431419
5	379341
4	970345
7	56406
6	146235
8	21275
10	3139
9	8039
12	492
11	1207
13	176
14	97
15	30
16	5
17	3
18	1
Average Tumble Frequency: 1.697
Elapsed time: 327.1 seconds
