RTP and Standard Deviation Breakdown
Name	RTP	StDev
Base	0.235111	29.62
Tumbles	0.221808	27.95
Wild Win	0.104537	51.91
Expanded Win	0.09488	73.66
Free Spins	0.274629	148.7
JP Prize	0.0957339	54.37
Total	1.0267	186.6
Free Base	0.0401413	21.88
Free Tumbles	0.020413	12.71
Free WW	0.0425531	42.56
Free EW	0.115036	98.73
Free JP	0.0564854	50.21
----------------------------------------
Iterations	1000000000
Total Pay	1.898e+09
Feature	Hits	Hit Rate
Base Game	255247686	3.918
Bonus Game	16640003	60.1
Wild Win	3327121	300.6
Expanded Win	4992672	200.3
Free Game	3327894	300.5
JackPot	4992316	200.3
----------------------------------------
Bonus Game	10137720	98.64
Wild Win	1013584	986.6
Expanded Win	5067716	197.3
Free Game	2026544	493.5
JackPot	2029876	492.6
----------------------------------------
Base Hits
Symbol	1	2	3	4	5
WL	0	0	0	0	0
R1	0	0	131670737	26369256	10472537
R2	0	0	141986460	27719932	11015842
R3	0	0	109561451	19870872	7862303
R4	0	0	108100275	30436587	11450752
R5	0	0	81454104	20127909	8027968
R6	0	0	75444210	23692156	9179913
S1	0	0	42049697	18809044	7597083
S2	0	0	34891813	16423591	5041414
S3	0	0	27167087	10322526	4932959
S4	0	0	16954475	7470093	3861152
F1	0	0	0	0	0
F2	0	0	0	0	0
F3	0	0	0	0	0
----------------------------------------
Base Pays
Symbol	1	2	3	4	5
WL	0	0	0	0	0
R1	0	0	263341474	210954048	209450740
R2	0	0	283972920	221759456	220316840
R3	0	0	328684353	198708720	235869090
R4	0	0	324300825	304365870	343522560
R5	0	0	325816416	241534908	321118720
R6	0	0	301776840	284305872	367196520
S1	0	0	336397576	300944704	455824980
S2	0	0	348918130	328471820	378106050
S3	0	0	326005044	258063150	394636720
S4	0	0	339089500	298803720	386115200
F1	0	0	0	0	0
F2	0	0	0	0	0
F3	0	0	0	0	0
----------------------------------------
Free Hits
Symbol	1	2	3	4	5
WL	0	0	0	0	0
R1	0	0	19201781	9545997	5861993
R2	0	0	20798921	9248878	6728668
R3	0	0	10070835	8647183	5481277
R4	0	0	9950088	8293523	3987959
R5	0	0	12439478	5691353	4382049
R6	0	0	10743790	4825150	4454335
S1	0	0	4841264	3339642	4054946
S2	0	0	4943423	3129371	2896428
S3	0	0	3823617	3369548	2876457
S4	0	0	2919847	2203273	1914250
F1	0	0	0	0	0
F2	0	0	0	0	0
F3	0	0	0	0	0
----------------------------------------
Free Pays
Symbol	1	2	3	4	5
WL	0	0	0	0	0
R1	0	0	38403562	76367976	117239860
R2	0	0	41597842	73991024	134573360
R3	0	0	30212505	86471830	164438310
R4	0	0	29850264	82935230	119638770
R5	0	0	49757912	68296236	175281960
R6	0	0	42975160	57901800	178173400
S1	0	0	38730112	53434272	243296760
S2	0	0	49434230	62587420	217232100
S3	0	0	45883404	84238700	230116560
S4	0	0	58396940	88130920	191425000
F1	0	0	0	0	0
F2	0	0	0	0	0
F3	0	0	0	0	0
----------------------------------------
Tumble Frequencies
Tumbles	Frequency
1	141862197
9	77348
5	3491420
2	71609615
3	26770014
4	9384805
6	1307133
7	490584
8	189178
12	8150
11	15646
10	33017
15	997
14	2408
13	4476
16	399
17	162
21	16
20	12
18	85
22	4
19	20
Average Tumble Frequency: 1.703
Elapsed time: 2859 seconds
